Comet ID	dec. Date	delta T	q	r	log r	OH log Q	NH log Q	CN log Q	C3 log Q	C2 log Q	c-3 phsadj	OHsigup	NHsigup	CNsigup	C3sigup	C2sigup	c-3sigup	OHsigdn	NHsigdn	CNsigdn	C3sigdn	C2sigdn	c-3sigdn	C3/CN•logQ	C2/CN•logQ
GZ          	19850615.31	-83.458	1.028	1.515	0.415415439	28.03	25.3	25.6	24.15	24.88	2.69	0.02	0.09	0.01	0.05	0.03	0.01	-0.02	-0.12	-0.01	-0.06	-0.04	-0.01	-1.45	-0.72
GZ          	19850615.34	-83.427	1.028	1.515	0.415415439	28.02	25.19	25.61	24.09	24.9	2.7	0.02	0.1	0	0.05	0.03	0.01	-0.02	-0.14	0	-0.06	-0.03	-0.01	-1.52	-0.71
GZ          	19850615.43	-83.338	1.028	1.515	0.415415439	NaN    	NaN    	25.6	24.09	24.75	2.75	0	0	0.01	0.07	0.06	0.01	0	0	-0.01	-0.09	-0.07	-0.01	-1.51	-0.85
GZ          	19850616.3	-82.474	1.028	1.506	0.409457129	28.01	25.34	25.59	24.16	24.78	2.7	0.02	0.09	0.01	0.05	0.05	0.01	-0.02	-0.11	-0.01	-0.06	-0.05	-0.01	-1.43	-0.81
GZ          	19850616.37	-82.403	1.028	1.506	0.409457129	28.05	25.26	25.61	24.13	24.85	2.7	0.01	0.09	0	0.05	0.03	0.01	-0.01	-0.11	0	-0.05	-0.04	-0.01	-1.48	-0.76
GZ          	19850616.43	-82.336	1.028	1.506	0.409457129	NaN    	NaN    	25.62	24.13	24.8	2.77	0	0	0.01	0.06	0.05	0.01	0	0	-0.01	-0.07	-0.06	-0.01	-1.49	-0.82
GZ          	19850811.36	-26.408	1.028	1.091	0.087094707	28.55	25.75	25.72	24.35	25.15	3.04	0	0.01	0	0.01	0.01	0	0	-0.01	0	-0.01	-0.01	0	-1.37	-0.57
GZ          	19850811.43	-26.335	1.028	1.091	0.087094707	28.54	25.74	25.72	24.37	25.13	3.03	0	0.01	0	0.01	0.01	0	0	-0.02	0	-0.01	-0.01	0	-1.35	-0.59
GZ          	19850812.37	-25.397	1.028	1.086	0.082501222	28.55	25.7	25.73	24.39	25.09	3.01	0	0.01	0	0.01	0.01	0	0	-0.01	0	-0.01	-0.01	0	-1.34	-0.64
GZ          	19850812.43	-25.338	1.028	1.086	0.082501222	28.54	25.68	25.73	24.41	25.16	2.99	0	0.01	0	0.01	0	0	0	-0.01	0	-0.01	0	0	-1.32	-0.57
GZ          	19850812.47	-25.302	1.028	1.086	0.082501222	28.55	NaN    	25.74	24.41	25.06	3.03	0.01	0	0	0.02	0.02	0	-0.01	0	0	-0.02	-0.02	0	-1.33	-0.68
GZ          	19850813.42	-24.347	1.028	1.082	0.07881118	28.54	25.72	25.73	24.38	25.15	3.01	0	0.01	0	0.01	0.01	0	0	-0.01	0	-0.01	-0.01	0	-1.35	-0.58
GZ          	19850820.38	-17.392	1.028	1.055	0.053540767	28.45	25.65	25.67	24.36	25.06	2.92	0	0.01	0	0.01	0.01	0	0	-0.01	0	-0.01	-0.01	0	-1.31	-0.61
GZ          	19850909.38	2.606	1.028	1.029	0.028587457	28.25	25.53	25.46	24.11	24.87	2.66	0.01	0.04	0	0.04	0.02	0.01	-0.01	-0.04	0	-0.04	-0.02	-0.01	-1.35	-0.59
GZ          	19850909.42	2.654	1.028	1.029	0.028587457	28.26	25.49	25.47	24.13	24.91	2.64	0.01	0.03	0	0.03	0.01	0.01	-0.01	-0.03	0	-0.03	-0.02	-0.01	-1.34	-0.56
GZ          	19850909.46	2.689	1.028	1.029	0.028587457	28.27	25.65	25.49	24.15	24.9	2.66	0.01	0.03	0	0.03	0.02	0.01	-0.01	-0.03	0	-0.03	-0.02	-0.01	-1.34	-0.59
GZ          	19850909.48	2.712	1.028	1.029	0.028587457	28.26	25.6	25.47	24.19	24.9	2.63	0	0.02	0	0.02	0.01	0.01	0	-0.02	0	-0.02	-0.01	-0.01	-1.28	-0.57
GZ          	19850912.42	5.651	1.028	1.032	0.031498667	28.15	25.44	25.4	23.92	24.82	2.56	0.01	0.04	0	0.05	0.01	0.01	-0.01	-0.04	0	-0.06	-0.02	-0.01	-1.48	-0.58
GZ          	19850912.44	5.674	1.028	1.032	0.031498667	28.14	25.52	25.4	24.06	24.81	2.56	0.01	0.03	0	0.04	0.01	0.01	-0.01	-0.03	0	-0.04	-0.02	-0.01	-1.34	-0.59
GZ          	19850912.47	5.698	1.028	1.032	0.031498667	28.13	25.41	25.4	24.04	24.75	2.57	0.01	0.04	0.01	0.04	0.02	0.01	-0.01	-0.05	-0.01	-0.05	-0.02	-0.01	-1.36	-0.65
GZ          	19850913.46	6.687	1.028	1.034	0.033434776	28.15	25.45	25.4	23.77	24.84	2.53	0.01	0.03	0	0.06	0.01	0.01	-0.01	-0.04	0	-0.08	-0.01	-0.01	-1.63	-0.56
GZ          	19850916.39	9.622	1.028	1.039	0.038258712	28.07	25.42	25.36	24	24.79	2.58	0.01	0.02	0	0.02	0.01	0	-0.01	-0.02	0	-0.02	-0.01	0	-1.36	-0.57
GZ          	19850917.48	10.707	1.028	1.041	0.04018179	28.09	25.47	25.36	23.97	24.75	2.61	0	0.01	0	0.02	0.01	0	0	-0.01	0	-0.02	-0.01	0	-1.39	-0.61
GZ          	19851013.51	36.739	1.028	1.155	0.144100344	27.91	25.36	25.24	24.05	24.57	2.69	0.01	0.03	0	0.03	0.03	0	-0.01	-0.03	0	-0.03	-0.03	0	-1.19	-0.67
GZ          	19851015.48	38.715	1.028	1.168	0.155292884	27.93	25.19	25.25	23.88	24.69	2.71	0.01	0.05	0	0.04	0.02	0	-0.01	-0.06	0	-0.05	-0.03	0	-1.37	-0.56
GZ          	19851107.47	61.7	1.028	1.339	0.291923067	27.92	24.82	25.32	23.87	24.77	2.76	0.02	0.3	0.01	0.14	0.05	0.01	-0.02	-1.72	-0.01	-0.21	-0.05	-0.01	-1.45	-0.55
GZ          	19851120.46	74.686	1.028	1.45	0.371563556	27.93	25.29	25.3	24.03	24.69	2.72	0.03	0.14	0.01	0.12	0.06	0.01	-0.04	-0.2	-0.01	-0.16	-0.07	-0.01	-1.27	-0.61
GZ          	19980909.15	-73.62	1.034	1.435	0.361164849	27.96	24.77	25.59	24.31	24.74	2.91	0.03	0.15	0	0.03	0.04	0.01	-0.03	-0.23	0	-0.04	-0.04	-0.01	-1.28	-0.85
GZ          	19980909.16	-73.608	1.034	1.435	0.361164849	28.07	0	25.61	24.59	25.02	2.18	0.01	0.12	0	0.03	0.02	0.07	-0.01	-0.16	0	-0.04	-0.02	-0.08	-1.02	-0.59
GZ          	19980917.13	-65.636	1.034	1.367	0.312618558	28.12	25.07	25.63	24.27	25.08	2.61	0.01	0.05	0	0.03	0.01	0.02	-0.01	-0.05	0	-0.03	-0.01	-0.02	-1.36	-0.55
GZ          	19980917.15	-65.619	1.034	1.367	0.312618558	28.13	25.07	25.64	24.27	25.07	2.55	0.01	0.04	0	0.03	0.01	0.02	-0.01	-0.04	0	-0.03	-0.01	-0.02	-1.37	-0.57
GZ          	19981104.1	-17.667	1.034	1.063	0.061095099	28.39	25.48	25.67	24.45	25.14	2.97	0.01	0.06	0	0.05	0.02	0.02	-0.01	-0.07	0	-0.06	-0.02	-0.02	-1.22	-0.53
GZ          	19981104.12	-17.647	1.034	1.063	0.061095099	28.41	25.56	25.64	24.14	25.2	3.02	0.01	0.07	0	0.11	0.02	0.02	-0.01	-0.09	0	-0.15	-0.02	-0.02	-1.5	-0.44
GZ          	19981117.12	-4.655	1.034	1.036	0.035367144	28.36	25.57	25.53	24.25	25.1	2.77	0.01	0.01	0	0.03	0.01	0.01	-0.01	-0.02	0	-0.03	-0.01	-0.01	-1.28	-0.43
GZ          	19981117.13	-4.644	1.034	1.036	0.035367144	28.37	25.58	25.54	24.14	25.12	2.78	0.01	0.01	0	0.04	0.01	0.01	-0.01	-0.02	0	-0.04	-0.01	-0.01	-1.4	-0.42
GZ          	19981118.09	-3.677	1.034	1.035	0.034401427	28.34	25.57	25.51	24.24	25.07	2.78	0	0.01	0	0.01	0	0.01	0	-0.01	0	-0.02	0	-0.01	-1.27	-0.44
GZ          	19981118.11	-3.662	1.034	1.035	0.034401427	28.33	25.55	25.51	24.2	25.06	2.83	0.01	0.01	0	0.02	0.01	0.01	-0.01	-0.02	0	-0.02	-0.01	-0.01	-1.31	-0.45
GZ          	19981118.16	-3.615	1.034	1.035	0.034401427	28.37	25.58	25.52	24.22	25.09	2.74	0.01	0.02	0	0.04	0.01	0.01	-0.01	-0.02	0	-0.05	-0.01	-0.01	-1.3	-0.43
GZ          	19981119.09	-2.676	1.034	1.034	0.033434776	28.33	25.59	25.53	24.24	25.07	2.8	0	0.01	0	0.02	0	0.01	0	-0.01	0	-0.02	0	-0.01	-1.29	-0.46
GZ          	19981119.11	-2.656	1.034	1.034	0.033434776	28.32	25.57	25.54	24.2	25.07	2.85	0.01	0.01	0	0.02	0.01	0.01	-0.01	-0.01	0	-0.02	-0.01	-0.01	-1.34	-0.47
GZ          	19981208.12	16.349	1.034	1.06	0.058268908	27.95	25.05	25.2	23.94	24.71	2.45	0.01	0.04	0	0.05	0.01	0.02	-0.01	-0.05	0	-0.06	-0.01	-0.02	-1.26	-0.49
GZ          	19981208.15	16.378	1.034	1.06	0.058268908	28.02	25.15	25.24	24	24.76	2.41	0.02	0.03	0	0.09	0.01	0.02	-0.02	-0.04	0	-0.11	-0.01	-0.02	-1.24	-0.48
GZ          	19981211.09	19.319	1.034	1.07	0.067658648	27.93	25.06	25.19	23.72	24.7	2.41	0	0.02	0	0.07	0.01	0.01	0	-0.02	0	-0.08	-0.01	-0.01	-1.47	-0.49
GZ          	19981211.11	19.34	1.034	1.07	0.067658648	27.88	24.97	25.16	23.74	24.66	2.45	0.01	0.03	0	0.06	0.01	0.01	-0.01	-0.04	0	-0.06	-0.01	-0.01	-1.42	-0.5
GZ          	19981211.13	19.358	1.034	1.07	0.067658648	27.94	25.06	25.19	23.83	24.71	2.4	0.01	0.03	0	0.07	0.01	0.01	-0.01	-0.03	0	-0.08	-0.01	-0.01	-1.36	-0.48
GZ          	19990109.12	48.351	1.034	1.234	0.210260925	27.99	24.99	25.33	0	24.83	2.74	0.01	0.06	0	0.99	0.02	0.01	-0.01	-0.07	0	0.99	-0.02	-0.01	-25.33	-0.5
GZ          	19990109.15	48.376	1.034	1.234	0.210260925	27.73	24.88	25.14	24.07	24.53	2.24	0.01	0.04	0	0.05	0.01	0.02	-0.01	-0.04	0	-0.06	-0.01	-0.02	-1.07	-0.61
GZ          	19990110.12	49.347	1.034	1.241	0.215917506	27.96	24.93	25.35	23.97	24.85	2.51	0	0.03	0	0.06	0.01	0.01	0	-0.03	0	-0.06	-0.01	-0.01	-1.38	-0.5
GZ          	19990110.14	49.367	1.034	1.241	0.215917506	27.96	24.72	25.34	23.64	24.82	2.59	0.01	0.06	0	0.1	0.01	0.01	-0.01	-0.07	0	-0.13	-0.01	-0.01	-1.7	-0.52
GZ          	19990110.16	49.386	1.034	1.241	0.215917506	27.97	24.81	25.33	23.78	24.81	2.67	0.01	0.08	0	0.08	0.01	0.01	-0.01	-0.09	0	-0.11	-0.01	-0.01	-1.55	-0.52
GZ          	19990204.12	74.35	1.034	1.444	0.36741704	27.01	23.48	24.48	23.33	23.95	2	0	0.13	0	0.07	0.01	0.01	0	-0.19	0	-0.08	-0.01	-0.01	-1.15	-0.53
GZ          	19990204.13	74.363	1.034	1.444	0.36741704	27.01	23.85	24.48	23.35	23.92	2.02	0	0.07	0	0.06	0.01	0.01	0	-0.08	0	-0.07	-0.01	-0.01	-1.13	-0.56
GZ          	19990204.15	74.382	1.034	1.444	0.36741704	27.01	23.44	24.48	23.29	23.93	2.02	0.01	0.16	0	0.08	0.01	0.01	-0.01	-0.27	0	-0.1	-0.01	-0.01	-1.19	-0.55
GZ          	19990508.16	167.387	1.034	2.28	0.824175443	NaN    	NaN    	23.78	23.33	0	1.82	0	0	0.24	0.58	0.39	0.19	0	0	-0.59	0.99	0.99	-0.33	-0.45	-23.78
GZ          	19990509.16	168.387	1.034	2.289	0.828115041	NaN    	NaN    	23.56	NaN    	0	NaN    	0	0	0.32	0	0.28	0	0	0	0.99	0	-0.96	0	•	-23.56
GZ          	19990509.16	168.389	1.034	2.289	0.828115041	NaN    	NaN    	23.89	NaN    	0	NaN    	0	0	0.18	0	0.34	0	0	0	-0.33	0	0.99	0	•	-23.89
GZ          	19990509.16	168.39	1.034	2.289	0.828115041	NaN    	NaN    	23.71	NaN    	24	NaN    	0	0	0.26	0	0.13	0	0	0	-0.79	0	-0.18	0	•	0.29
GZ          	20111020.11	-114.622	1.03	1.806	0.591114455	NaN    	NaN    	25.15	NaN    	24.78	1.78	0	0	0.02	0	0.07	0.36	0	0	-0.02	0	-0.09	0.99	•	-0.37
GZ          	20180517.29	-115.991	1.013	1.818	0.597736996	27.37	0	25	23.96	24.35	1.71	0.11	0.99	0.02	0.13	0.07	0.17	-0.14	0.99	-0.03	-0.18	-0.08	-0.29	-1.04	-0.65
GZ          	20180517.31	-115.974	1.013	1.818	0.597736996	27.23	0	25	23.33	24.5	0.36	0.09	0.57	0.01	0.34	0.1	0.99	-0.12	0.99	-0.01	0.99	-0.13	0.99	-1.67	-0.5
GZ          	20180517.32	-115.96	1.013	1.818	0.597736996	27.26	0	25	0	23.95	2.02	0.08	0.99	0.01	0.99	0.19	0.1	-0.1	0.99	-0.01	0.99	-0.34	-0.14	-25	-1.05
GZ          	20180517.34	-115.945	1.013	1.818	0.597736996	27.27	24.21	25.01	23.44	24.35	1.6	0.05	0.33	0.01	0.23	0.08	0.21	-0.06	0.99	-0.01	-0.51	-0.09	-0.41	-1.57	-0.66
GZ          	20180517.35	-115.931	1.013	1.818	0.597736996	27.21	24.1	25	23.89	24.3	1.8	0.05	0.4	0.01	0.12	0.08	0.14	-0.06	0.99	-0.01	-0.16	-0.1	-0.2	-1.11	-0.7
GZ          	20180605.25	-97.026	1.013	1.642	0.495915011	27.19	0	24.73	23.76	24.55	2.2	0.12	0.56	0.03	0.23	0.06	0.06	-0.17	0.99	-0.04	-0.55	-0.07	-0.08	-0.97	-0.18
GZ          	20180605.29	-96.989	1.013	1.642	0.495915011	27.58	24.79	25.22	24.01	24.6	1.97	0.03	0.17	0.01	0.09	0.05	0.1	-0.04	-0.28	-0.01	-0.12	-0.06	-0.13	-1.21	-0.62
GZ          	20180605.3	-96.979	1.013	1.642	0.495915011	27.63	24.92	25.25	23.91	24.64	1.68	0.02	0.1	0.01	0.14	0.04	0.16	-0.02	-0.14	-0.01	-0.2	-0.04	-0.25	-1.34	-0.61
GZ          	20180612.2	-90.083	1.013	1.578	0.456158222	27.72	24.37	25.28	24.3	24.67	1.96	0.07	0.37	0.02	0.09	0.03	0.08	-0.09	0.99	-0.02	-0.11	-0.03	-0.1	-0.98	-0.61
GZ          	20180612.21	-90.07	1.013	1.578	0.456158222	27.63	0	25.28	23.27	24.71	1.96	0.06	0.69	0.01	0.34	0.03	0.09	-0.07	0.99	-0.01	0.99	-0.03	-0.11	-2.01	-0.57
GZ          	20180612.23	-90.05	1.013	1.578	0.456158222	27.58	24.85	25.31	24.09	24.69	2.11	0.04	0.13	0.01	0.08	0.03	0.06	-0.05	-0.19	-0.01	-0.1	-0.03	-0.06	-1.22	-0.62
GZ          	20180612.26	-90.025	1.013	1.578	0.456158222	27.66	24.53	25.3	24.09	24.66	2.15	0.02	0.19	0.01	0.08	0.03	0.05	-0.02	-0.35	-0.01	-0.1	-0.03	-0.06	-1.21	-0.64
GZ          	20180612.27	-90.01	1.013	1.578	0.456158222	27.67	24.65	25.3	23.86	24.79	1.14	0.02	0.15	0	0.09	0.03	0.4	-0.02	-0.22	0	-0.11	-0.04	0.99	-1.44	-0.51
GZ          	20180612.28	-89.999	1.013	1.578	0.456158222	27.69	24.69	25.28	23.97	24.62	2.18	0.02	0.14	0.01	0.07	0.04	0.05	-0.02	-0.21	-0.01	-0.08	-0.04	-0.06	-1.31	-0.66
GZ          	20180703.2	-69.083	1.013	1.389	0.328584064	27.97	24.89	25.52	23.93	24.92	2.52	0.02	0.09	0	0.06	0.02	0.02	-0.02	-0.11	0	-0.07	-0.02	-0.02	-1.59	-0.6
GZ          	20180703.21	-69.069	1.013	1.389	0.328584064	27.98	24.79	25.49	24.1	24.9	2.5	0.01	0.08	0	0.04	0.02	0.02	-0.01	-0.1	0	-0.04	-0.02	-0.02	-1.39	-0.59
GZ          	20180703.23	-69.047	1.013	1.389	0.328584064	27.99	24.81	25.5	23.89	24.92	2.4	0.01	0.06	0	0.05	0.01	0.02	-0.01	-0.07	0	-0.06	-0.01	-0.02	-1.61	-0.58
GZ          	20180705.2	-67.081	1.013	1.372	0.316269529	28.03	24.75	25.52	23.98	24.91	2.59	0.01	0.09	0	0.05	0.01	0.02	-0.01	-0.12	0	-0.06	-0.02	-0.02	-1.54	-0.61
GZ          	20180705.21	-67.073	1.013	1.372	0.316269529	28	24.87	25.53	24.16	24.95	2.5	0.01	0.07	0	0.04	0.01	0.02	-0.01	-0.09	0	-0.04	-0.01	-0.02	-1.37	-0.58
GZ          	20180705.22	-67.061	1.013	1.372	0.316269529	27.99	24.96	25.51	23.99	24.94	2.53	0.01	0.06	0	0.05	0.01	0.02	-0.01	-0.07	0	-0.05	-0.01	-0.02	-1.52	-0.57
GZ          	20180805.21	-36.075	1.013	1.135	0.126632651	28.44	25.49	25.73	24.41	25.22	2.98	0	0.01	0	0.01	0	0	0	-0.01	0	-0.01	0	0	-1.32	-0.51
GZ          	20180805.22	-36.064	1.013	1.135	0.126632651	28.43	25.47	25.74	24.43	25.24	2.88	0	0.01	0	0.01	0	0	0	-0.01	0	-0.01	0	0	-1.31	-0.5
GZ          	20180805.23	-36.053	1.013	1.135	0.126632651	28.43	25.51	25.73	24.42	25.21	3.03	0	0.01	0	0.01	0	0	0	-0.01	0	-0.01	0	0	-1.31	-0.52
GZ          	20180805.24	-36.042	1.013	1.135	0.126632651	28.44	25.54	25.74	24.42	25.2	3.07	0	0.01	0	0.01	0.01	0	0	-0.01	0	-0.01	-0.01	0	-1.32	-0.54
GZ          	20180805.25	-36.03	1.013	1.135	0.126632651	28.44	25.5	25.75	24.39	25.23	3.01	0	0.01	0	0.01	0	0	0	-0.01	0	-0.01	0	0	-1.36	-0.52
GZ          	20180805.26	-36.019	1.013	1.135	0.126632651	28.43	25.52	25.74	24.41	25.23	2.97	0	0.01	0	0.01	0	0	0	-0.01	0	-0.01	0	0	-1.33	-0.51
GZ          	20180819.37	-21.906	1.013	1.06	0.058268908	28.51	25.67	25.74	24.49	25.26	3.11	0	0	0	0.01	0	0	0	0	0	-0.01	0	0	-1.25	-0.48
GZ          	20180819.38	-21.896	1.013	1.06	0.058268908	28.5	25.66	25.76	24.52	25.27	3.01	0	0	0	0.01	0	0	0	0	0	-0.01	0	0	-1.24	-0.49
GZ          	20180819.39	-21.886	1.013	1.06	0.058268908	28.53	25.67	25.74	24.45	25.23	3.2	0	0.01	0	0.01	0.01	0	0	-0.01	0	-0.01	-0.01	0	-1.29	-0.51
GZ          	20180819.4	-21.878	1.013	1.06	0.058268908	28.5	25.67	25.74	24.51	25.26	3.11	0	0	0	0.01	0	0	0	0	0	-0.01	0	0	-1.23	-0.48
GZ          	20180905.33	-4.952	1.013	1.015	0.014888612	28.47	25.72	25.67	24.44	25.21	2.98	0	0.01	0	0.01	0	0	0	-0.01	0	-0.01	0	0	-1.23	-0.46
GZ          	20180905.34	-4.944	1.013	1.015	0.014888612	28.49	25.72	25.67	24.39	25.18	3.04	0.01	0.01	0	0.01	0.01	0	-0.01	-0.01	0	-0.01	-0.01	0	-1.28	-0.49
GZ          	20180905.35	-4.93	1.013	1.015	0.014888612	28.47	25.73	25.67	24.44	25.22	2.97	0	0.01	0	0.01	0	0	0	-0.01	0	-0.01	0	0	-1.23	-0.45
GZ          	20180913.34	3.059	1.013	1.014	0.013902905	28.39	25.58	25.63	24.4	25.16	2.78	0.01	0.01	0	0.01	0	0	-0.01	-0.01	0	-0.02	0	0	-1.23	-0.47
GZ          	20180913.35	3.067	1.013	1.014	0.013902905	28.4	25.61	25.63	24.37	25.15	2.86	0.01	0.01	0	0.01	0	0	-0.01	-0.01	0	-0.01	0	0	-1.26	-0.48
GZ          	20180913.35	3.074	1.013	1.014	0.013902905	28.4	25.61	25.62	24.36	25.13	2.9	0	0.01	0	0.01	0	0	0	-0.01	0	-0.01	0	0	-1.26	-0.49
GZ          	20180913.37	3.088	1.013	1.014	0.013902905	28.38	25.64	25.62	24.32	25.12	2.96	0.01	0.01	0	0.01	0.01	0	-0.01	-0.01	0	-0.01	-0.01	0	-1.3	-0.5
GZ          	20180913.39	3.107	1.013	1.014	0.013902905	28.37	25.58	25.61	24.32	25.11	2.93	0	0.01	0	0.01	0.01	0	0	-0.01	0	-0.01	-0.01	0	-1.29	-0.5
GZ          	20180913.39	3.113	1.013	1.014	0.013902905	28.38	25.63	25.62	24.37	25.14	2.89	0	0.01	0	0.01	0	0	0	-0.01	0	-0.01	0	0	-1.25	-0.48
GZ          	20180913.41	3.134	1.013	1.014	0.013902905	28.39	25.64	25.63	24.37	25.15	2.91	0	0.01	0	0.01	0	0	0	-0.01	0	-0.01	0	0	-1.26	-0.48
GZ          	20180918.39	8.111	1.013	1.02	0.019802627	28.3	25.56	25.59	24.28	25.1	2.83	0	0.01	0	0.01	0	0	0	-0.01	0	-0.01	0	0	-1.31	-0.49
GZ          	20180918.4	8.118	1.013	1.02	0.019802627	28.3	25.55	25.59	24.32	25.11	2.76	0	0	0	0.01	0	0	0	0	0	-0.01	0	0	-1.27	-0.48
GZ          	20180918.41	8.125	1.013	1.02	0.019802627	28.22	25.49	25.54	24.26	25.06	2.86	0	0.01	0	0.01	0.01	0	0	-0.01	0	-0.01	-0.01	0	-1.28	-0.48
GZ          	20181006.4	26.117	1.013	1.08	0.076961041	28.05	25.16	25.25	23.77	24.77	2.57	0.01	0.03	0	0.05	0.01	0.01	-0.01	-0.03	0	-0.05	-0.01	-0.01	-1.48	-0.48
GZ          	20181006.41	26.125	1.013	1.08	0.076961041	28.04	25.22	25.25	23.87	24.79	2.51	0.01	0.02	0	0.04	0.01	0.01	-0.01	-0.02	0	-0.04	-0.01	-0.01	-1.38	-0.46
GZ          	20181006.41	26.133	1.013	1.08	0.076961041	28.02	25.2	25.25	23.86	24.8	2.52	0.01	0.02	0	0.03	0.01	0.01	-0.01	-0.02	0	-0.03	-0.01	-0.01	-1.39	-0.45
GZ          	20181006.42	26.141	1.013	1.08	0.076961041	28.01	25.17	25.24	23.84	24.76	2.54	0.01	0.02	0	0.03	0.01	0.01	-0.01	-0.02	0	-0.03	-0.01	-0.01	-1.4	-0.48
GZ          	20181107.41	58.125	1.013	1.297	0.260053905	27.28	0	24.66	23.52	24.28	1.89	0.05	0.86	0.01	0.16	0.05	0.06	-0.06	0.99	-0.01	-0.25	-0.05	-0.07	-1.14	-0.38
GZ          	20181107.44	58.16	1.013	1.297	0.260053905	27.34	24.33	24.68	19.84	24.11	2.13	0.03	0.27	0.01	0.99	0.07	0.03	-0.03	-0.81	-0.01	0.99	-0.08	-0.04	-4.84	-0.57
GZ          	20181107.45	58.172	1.013	1.297	0.260053905	27.37	24.64	24.67	23.39	24.14	1.98	0.02	0.17	0.02	0.31	0.06	0.05	-0.02	-0.28	-0.02	0.99	-0.06	-0.05	-1.28	-0.53
GZ          	20181115.41	66.133	1.013	1.364	0.310421559	27.28	0	24.58	22.35	24.12	1.91	0.08	0.99	0.02	0.8	0.08	0.07	-0.09	0.99	-0.02	0.99	-0.1	-0.08	-2.23	-0.46
GZ          	20181115.42	66.141	1.013	1.364	0.310421559	27.34	23.57	24.59	0	24.14	1.94	0.06	0.82	0.02	0.59	0.08	0.06	-0.07	0.99	-0.02	0.99	-0.1	-0.07	-24.59	-0.45
GZ          	20181115.43	66.151	1.013	1.364	0.310421559	27.31	23.33	24.62	23.44	24.14	1.93	0.05	0.99	0.02	0.23	0.07	0.06	-0.05	0.99	-0.02	-0.54	-0.08	-0.07	-1.18	-0.48
GZ          	20181115.44	66.163	1.013	1.364	0.310421559	27.31	23.87	24.64	23.54	24.06	1.95	0.04	0.5	0.02	0.19	0.07	0.06	-0.04	0.99	-0.02	-0.35	-0.08	-0.07	-1.1	-0.58
GZ          	20181216.32	97.037	1.013	1.643	0.496523839	26.11	0	24.49	24.07	24.01	2.38	0.94	0.99	0.09	0.27	0.26	0.08	0.99	0.99	-0.11	-0.9	-0.73	-0.09	-0.42	-0.48
GZ          	20181216.33	97.053	1.013	1.643	0.496523839	27.07	0	24.34	22.53	24.2	2.23	0.32	0.99	0.06	0.99	0.13	0.07	0.99	0.99	-0.07	0.99	-0.18	-0.08	-1.81	-0.14
GZ          	20181216.35	97.071	1.013	1.643	0.496523839	0	24.71	24.47	23.51	23.68	2.08	0.99	0.31	0.04	0.35	0.27	0.07	0.99	0.99	-0.05	0.99	-0.88	-0.09	-0.96	-0.79
GZ          	20181216.4	97.121	1.013	1.643	0.496523839	27.04	0	24.44	0	24.12	1.88	0.52	0.99	0.03	0.27	0.15	0.12	0.99	0.99	-0.04	-0.92	-0.22	-0.16	-24.44	-0.32
GZ          	20181230.27	110.994	1.013	1.772	0.572108852	27.46	0	24.43	0	23.9	1.99	0.13	0.94	0.04	0.61	0.21	0.1	-0.19	0.99	-0.04	0.99	-0.43	-0.13	-24.43	-0.53
GZ          	20181230.29	111.004	1.013	1.772	0.572108852	27.37	0	24.4	0	24.12	1.98	0.14	0.99	0.03	0.63	0.13	0.1	-0.2	0.99	-0.03	0.99	-0.19	-0.13	-24.4	-0.28
GZ          	20190131.26	142.976	1.013	2.066	0.725614371	NaN	NaN	24.42	NaN	0	1.91	0	0	0.02	0	0.22	0.11	0	0	-0.02	0	-0.49	-0.15	•	-24.42
GZ          	19981220.53	28.761	1.034	1.111	0.105260511	NaN    	NaN    	25.28	0	24.94	2.37	0	0	0	0.03	0.01	0.01	0	0	0	-0.03	-0.01	-0.01	-25.28	-0.34
GZ          	19981220.54	28.769	1.034	1.111	0.105260511	NaN    	NaN    	25.31	24.4	24.88	2.53	0	0	0	0.02	0.01	0.01	0	0	0	-0.02	-0.01	-0.01	-0.91	-0.43
GZ          	19990118.54	57.767	1.034	1.306	0.266969031	NaN    	NaN    	25.26	0	24.7	2.61	0	0	0	0.06	0.01	0.01	0	0	0	-0.07	-0.01	-0.01	-25.26	-0.56
GZ          	19990118.55	57.778	1.034	1.306	0.266969031	NaN    	NaN    	25.28	0	24.23	2.59	0	0	0	0.28	0.05	0.02	0	0	0	-0.95	-0.06	-0.02	-25.28	-1.05
GZ          	19990119.54	58.769	1.034	1.314	0.27307592	NaN    	NaN    	25.27	0	24.7	2.54	0	0	0	0.07	0.01	0.01	0	0	0	-0.08	-0.01	-0.02	-25.27	-0.57
GZ          	19990119.55	58.78	1.034	1.314	0.27307592	NaN    	NaN    	25.15	24.4	25.12	2.59	0	0	0	0.03	0.01	0.02	0	0	0	-0.03	-0.01	-0.02	-0.75	-0.03
