Comet ID	dec. Date	delta T	q	r	log r	OH log Q	NH log Q	CN log Q	C3 log Q	C2 log Q	c-3 phsadj	OHsigup	NHsigup	CNsigup	C3sigup	C2sigup	c-3sigup	OHsigdn	NHsigdn	CNsigdn	C3sigdn	C2sigdn	c-3sigdn	C3/CN•logQ	C2/CN•logQ
CHERNYKH    	19770909.36	-157.95	2.567	2.871	0.45803319	NaN    	NaN    	25.28	NaN    	24.95	3.09	0	0	0.08	0	0.17	0.03	0	0	-0.09	0	-0.28	-0.04	•	-0.33
CHERNYKH    	19771005.22	-132.094	2.567	2.785	0.4448252	NaN    	NaN    	24.94	23.77	24.54	2.73	0	0	0.03	0.07	0.07	0.02	0	0	-0.03	-0.08	-0.08	-0.02	-1.17	-0.4
CHERNYKH    	19771015.25	-122.06	2.567	2.755	0.4401216	NaN    	NaN    	24.98	23.32	24.23	2.99	0	0	0.05	0.22	0.36	0.02	0	0	-0.06	-0.46	0.99	-0.03	-1.66	-0.75
CHERNYKH    	19771015.27	-122.04	2.567	2.755	0.4401216	NaN    	NaN    	25.12	NaN    	24.66	2.98	0	0	0.05	0	0.17	0.02	0	0	-0.06	0	-0.28	-0.03	•	-0.46
CHERNYKH    	19771019.3	-118.014	2.567	2.744	0.43838411	NaN    	NaN    	24.78	NaN    	24.48	2.99	0	0	0.07	0	0.2	0.02	0	0	-0.09	0	-0.38	-0.02	•	-0.3
CHERNYKH    	19771019.3	-118.006	2.567	2.744	0.43838411	NaN    	NaN    	25	NaN    	24.51	2.98	0	0	0.05	0	0.19	0.02	0	0	-0.06	0	-0.34	-0.02	•	-0.49
CHERNYKH    	19771019.31	-117.998	2.567	2.744	0.43838411	NaN    	NaN    	25.04	NaN    	24.56	3	0	0	0.05	0	0.17	0.02	0	0	-0.05	0	-0.29	-0.02	•	-0.48
CHERNYKH    	19771019.35	-117.965	2.567	2.744	0.43838411	NaN    	NaN    	24.91	NaN    	24.24	2.99	0	0	0.06	0	0.31	0.02	0	0	-0.07	0	0.99	-0.02	•	-0.67
CHERNYKH    	19771208.1	-68.207	2.567	2.628	0.41962536	NaN    	NaN    	24.53	NaN    	0	2.84	0	0	0.08	0	0.17	0.02	0	0	-0.1	0	-0.28	-0.02	•	-24.53
CHERNYKH    	19771208.19	-68.124	2.567	2.628	0.41962536	NaN    	NaN    	24.59	NaN    	24.12	2.8	0	0	0.08	0	0.24	0.02	0	0	-0.1	0	-0.61	-0.02	•	-0.47
CHERNYKH    	19771209.1	-67.213	2.567	2.626	0.41929472	NaN    	NaN    	24.69	NaN    	0	2.81	0	0	0.07	0	0.29	0.02	0	0	-0.08	0	-1.15	-0.02	•	-24.69
CHERNYKH    	19771209.15	-67.161	2.567	2.626	0.41929472	NaN    	NaN    	24.86	NaN    	23.58	2.81	0	0	0.05	0	0.56	0.02	0	0	-0.05	0	0.99	-0.02	•	-1.28
CHERNYKH    	19771209.18	-67.128	2.567	2.626	0.41929472	NaN    	NaN    	24.73	NaN    	24.06	2.81	0	0	0.06	0	0.27	0.02	0	0	-0.07	0	-0.9	-0.02	•	-0.67
CHERNYKH    	19771209.19	-67.119	2.567	2.626	0.41929472	NaN    	NaN    	24.77	NaN    	23.77	2.82	0	0	0.06	0	0.43	0.02	0	0	-0.06	0	0.99	-0.02	•	-1
SW2         	19810105.32	-71.146	2.135	2.196	0.34163234	28.05	NaN    	25.04	24.24	24.37	2.91	0.05	0	0.04	0.12	0.25	0.01	-0.06	0	-0.04	-0.16	-0.64	-0.01	-0.8	-0.67
SW2         	19810405.15	18.681	2.135	2.14	0.33041377	27.87	25.12	25.13	0	24.46	2.65	0.07	0.22	0.02	0.33	0.09	0.02	-0.08	-0.49	-0.03	0.99	-0.12	-0.02	-25.13	-0.67
BUS         	19810405.33	-66.887	2.183	2.234	0.34908317	27.5	NaN    	24.48	23.63	23.62	1.63	0.16	0	0.06	0.23	0.32	0.08	-0.25	0	-0.07	-0.51	0.99	-0.1	-0.85	-0.86
BUS         	19810405.36	-66.862	2.183	2.234	0.34908317	27.01	0	24.44	22.89	22.55	1.66	0.35	0.59	0.05	0.25	0.99	0.08	0.99	0.99	-0.06	-0.64	0.99	-0.09	-1.55	-1.89
IRAS        	19830910.3	17.618	1.697	1.707	0.23223352	27.74	23.8	25.06	23.75	24.2	2.59	0.05	0.97	0.02	0.12	0.1	0.01	-0.05	0.99	-0.02	-0.17	-0.13	-0.01	-1.31	-0.86
IRAS        	19831005.36	42.676	1.697	1.759	0.24526584	27.44	25.17	24.93	23.7	23.58	2.4	0.1	0.17	0.02	0.3	0.33	0.03	-0.13	-0.29	-0.02	-1.64	0.99	-0.03	-1.23	-1.35
IRAS        	19831129.18	97.496	1.697	1.994	0.29972515	NaN    	NaN    	24.68	NaN    	23.57	2.21	0	0	0.04	0	0.44	0.05	0	0	-0.05	0	0.99	-0.05	•	-1.11
IRAS        	19831129.22	97.543	1.697	1.994	0.29972515	NaN    	NaN    	NaN    	NaN    	24.01	2.19	0	0	0	0	0.21	0.05	0	0	0	0	-0.42	-0.06	•	•
WH          	19840929.49	6.75	1.616	1.617	0.20871002	27.89	24.87	25.02	23.34	23.86	2.61	0.04	0.16	0.01	0.27	0.2	0.01	-0.04	-0.25	-0.01	-0.9	-0.37	-0.01	-1.68	-1.16
SHOEMAKER84S	19841120.29	-44.596	1.215	1.391	0.14332713	27.25	24.25	24.41	22.91	23.43	2.18	0.02	0.19	0.01	0.17	0.2	0.01	-0.02	-0.34	-0.01	-0.28	-0.39	-0.01	-1.5	-0.98
SHOEMAKER84S	19850127.29	23.402	1.215	1.266	0.10243371	27.35	24.41	24.47	23.26	23.77	2.26	0.02	0.11	0.01	0.08	0.09	0.01	-0.02	-0.14	-0.01	-0.09	-0.12	-0.01	-1.21	-0.7
SHOEMAKER84S	19850128.28	24.385	1.215	1.271	0.10414555	NaN    	NaN    	24.54	NaN    	23.92	2.29	0	0	0.01	0	0.1	0.01	0	0	-0.01	0	-0.13	-0.01	•	-0.62
SHOEMAKER84S	19850324.28	79.39	1.215	1.693	0.22865696	26.9	NaN    	24.32	NaN    	0	1.94	0.14	0	0.04	0	0.17	0.03	-0.22	0	-0.05	0	-0.29	-0.03	•	-24.32
GZ          	19850615.31	-83.458	1.028	1.515	0.18041263	28.03	25.3	25.6	24.15	24.88	2.69	0.02	0.09	0.01	0.05	0.03	0.01	-0.02	-0.12	-0.01	-0.06	-0.04	-0.01	-1.45	-0.72
GZ          	19850615.34	-83.427	1.028	1.515	0.18041263	28.02	25.19	25.61	24.09	24.9	2.7	0.02	0.1	0	0.05	0.03	0.01	-0.02	-0.14	0	-0.06	-0.03	-0.01	-1.52	-0.71
GZ          	19850615.43	-83.338	1.028	1.515	0.18041263	NaN    	NaN    	25.6	24.09	24.75	2.75	0	0	0.01	0.07	0.06	0.01	0	0	-0.01	-0.09	-0.07	-0.01	-1.51	-0.85
GZ          	19850616.3	-82.474	1.028	1.506	0.17782497	28.01	25.34	25.59	24.16	24.78	2.7	0.02	0.09	0.01	0.05	0.05	0.01	-0.02	-0.11	-0.01	-0.06	-0.05	-0.01	-1.43	-0.81
GZ          	19850616.37	-82.403	1.028	1.506	0.17782497	28.05	25.26	25.61	24.13	24.85	2.7	0.01	0.09	0	0.05	0.03	0.01	-0.01	-0.11	0	-0.05	-0.04	-0.01	-1.48	-0.76
GZ          	19850616.43	-82.336	1.028	1.506	0.17782497	NaN    	NaN    	25.62	24.13	24.8	2.77	0	0	0.01	0.06	0.05	0.01	0	0	-0.01	-0.07	-0.06	-0.01	-1.49	-0.82
GZ          	19850811.36	-26.408	1.028	1.091	0.03782475	28.55	25.75	25.72	24.35	25.15	3.04	0	0.01	0	0.01	0.01	0	0	-0.01	0	-0.01	-0.01	0	-1.37	-0.57
GZ          	19850811.43	-26.335	1.028	1.091	0.03782475	28.54	25.74	25.72	24.37	25.13	3.03	0	0.01	0	0.01	0.01	0	0	-0.02	0	-0.01	-0.01	0	-1.35	-0.59
GZ          	19850812.37	-25.397	1.028	1.086	0.03582983	28.55	25.7	25.73	24.39	25.09	3.01	0	0.01	0	0.01	0.01	0	0	-0.01	0	-0.01	-0.01	0	-1.34	-0.64
GZ          	19850812.43	-25.338	1.028	1.086	0.03582983	28.54	25.68	25.73	24.41	25.16	2.99	0	0.01	0	0.01	0	0	0	-0.01	0	-0.01	0	0	-1.32	-0.57
GZ          	19850812.47	-25.302	1.028	1.086	0.03582983	28.55	NaN    	25.74	24.41	25.06	3.03	0.01	0	0	0.02	0.02	0	-0.01	0	0	-0.02	-0.02	0	-1.33	-0.68
GZ          	19850813.42	-24.347	1.028	1.082	0.03422726	28.54	25.72	25.73	24.38	25.15	3.01	0	0.01	0	0.01	0.01	0	0	-0.01	0	-0.01	-0.01	0	-1.35	-0.58
GZ          	19850820.38	-17.392	1.028	1.055	0.02325246	28.45	25.65	25.67	24.36	25.06	2.92	0	0.01	0	0.01	0.01	0	0	-0.01	0	-0.01	-0.01	0	-1.31	-0.61
GZ          	19850909.38	2.606	1.028	1.029	0.01241537	28.25	25.53	25.46	24.11	24.87	2.66	0.01	0.04	0	0.04	0.02	0.01	-0.01	-0.04	0	-0.04	-0.02	-0.01	-1.35	-0.59
GZ          	19850909.42	2.654	1.028	1.029	0.01241537	28.26	25.49	25.47	24.13	24.91	2.64	0.01	0.03	0	0.03	0.01	0.01	-0.01	-0.03	0	-0.03	-0.02	-0.01	-1.34	-0.56
GZ          	19850909.46	2.689	1.028	1.029	0.01241537	28.27	25.65	25.49	24.15	24.9	2.66	0.01	0.03	0	0.03	0.02	0.01	-0.01	-0.03	0	-0.03	-0.02	-0.01	-1.34	-0.59
GZ          	19850909.48	2.712	1.028	1.029	0.01241537	28.26	25.6	25.47	24.19	24.9	2.63	0	0.02	0	0.02	0.01	0.01	0	-0.02	0	-0.02	-0.01	-0.01	-1.28	-0.57
GZ          	19850912.42	5.651	1.028	1.032	0.0136797	28.15	25.44	25.4	23.92	24.82	2.56	0.01	0.04	0	0.05	0.01	0.01	-0.01	-0.04	0	-0.06	-0.02	-0.01	-1.48	-0.58
GZ          	19850912.44	5.674	1.028	1.032	0.0136797	28.14	25.52	25.4	24.06	24.81	2.56	0.01	0.03	0	0.04	0.01	0.01	-0.01	-0.03	0	-0.04	-0.02	-0.01	-1.34	-0.59
GZ          	19850912.47	5.698	1.028	1.032	0.0136797	28.13	25.41	25.4	24.04	24.75	2.57	0.01	0.04	0.01	0.04	0.02	0.01	-0.01	-0.05	-0.01	-0.05	-0.02	-0.01	-1.36	-0.65
GZ          	19850913.46	6.687	1.028	1.034	0.01452054	28.15	25.45	25.4	23.77	24.84	2.53	0.01	0.03	0	0.06	0.01	0.01	-0.01	-0.04	0	-0.08	-0.01	-0.01	-1.63	-0.56
GZ          	19850916.39	9.622	1.028	1.039	0.01661555	28.07	25.42	25.36	24	24.79	2.58	0.01	0.02	0	0.02	0.01	0	-0.01	-0.02	0	-0.02	-0.01	0	-1.36	-0.57
GZ          	19850917.48	10.707	1.028	1.041	0.01745073	28.09	25.47	25.36	23.97	24.75	2.61	0	0.01	0	0.02	0.01	0	0	-0.01	0	-0.02	-0.01	0	-1.39	-0.61
GZ          	19851013.51	36.739	1.028	1.155	0.06258198	27.91	25.36	25.24	24.05	24.57	2.69	0.01	0.03	0	0.03	0.03	0	-0.01	-0.03	0	-0.03	-0.03	0	-1.19	-0.67
GZ          	19851015.48	38.715	1.028	1.168	0.06744284	27.93	25.19	25.25	23.88	24.69	2.71	0.01	0.05	0	0.04	0.02	0	-0.01	-0.06	0	-0.05	-0.03	0	-1.37	-0.56
GZ          	19851107.47	61.7	1.028	1.339	0.12678058	27.92	24.82	25.32	23.87	24.77	2.76	0.02	0.3	0.01	0.14	0.05	0.01	-0.02	-1.72	-0.01	-0.21	-0.05	-0.01	-1.45	-0.55
GZ          	19851120.46	74.686	1.028	1.45	0.161368	27.93	25.29	25.3	24.03	24.69	2.72	0.03	0.14	0.01	0.12	0.06	0.01	-0.04	-0.2	-0.01	-0.16	-0.07	-0.01	-1.27	-0.61
SW2         	19880318.33	200.851	2.071	2.524	0.40208935	27	25.26	24.59	22.84	0	2.35	0.41	0.26	0.05	0.99	0.32	0.03	0.99	-0.76	-0.06	0.99	0.99	-0.04	-1.75	-24.59
WH          	19901212.12	-113.605	1.608	1.946	0.28914284	NaN    	NaN    	24.95	NaN    	24.25	2.4	0	0	0.02	0	0.19	0.03	0	0	-0.03	0	-0.36	-0.04	•	-0.7
WH          	19901212.12	-113.596	1.608	1.946	0.28914284	27.31	24.16	24.96	0	23.49	2.43	0.09	0.88	0.02	0.28	0.6	0.03	-0.12	0.99	-0.02	-1	0.99	-0.03	-24.96	-1.47
WH          	19901212.13	-113.59	1.608	1.946	0.28914284	27.55	25.08	24.95	23.53	23.46	2.43	0.04	0.21	0.02	0.3	0.59	0.03	-0.04	-0.41	-0.02	-2.05	0.99	-0.03	-1.42	-1.49
WH          	19910118.15	-76.566	1.608	1.775	0.24919836	NaN    	NaN    	25.29	NaN    	24.39	2.57	0	0	0.01	0	0.33	0.04	0	0	-0.01	0	0.99	-0.05	•	-0.9
WH          	19910119.15	-75.57	1.608	1.771	0.24821856	27.63	24.86	25.08	23.96	0	2.54	0.05	0.31	0.02	0.22	0.97	0.04	-0.06	0.99	-0.02	-0.48	0.99	-0.04	-1.12	-25.08
WH          	19910213.16	-50.563	1.608	1.684	0.22634209	27.57	24.42	25.08	0	23.85	2.62	0.25	0.99	0.1	0.99	0.99	0.04	-0.64	0.99	-0.14	0.99	0.99	-0.04	-25.08	-1.23
SW2         	19930918.45	-127.009	2.07	2.275	0.3569814	0	25.42	24.83	0	0	2.6	0.99	0.27	0.05	0.53	0.36	0.07	0.99	-0.86	-0.06	0.99	0.99	-0.08	-24.83	-24.83
SW2         	19930919.45	-126.013	2.07	2.272	0.35640833	26.93	0	24.9	0	0	2.65	0.22	0.49	0.03	0.63	0.5	0.04	-0.48	0.99	-0.03	0.99	0.99	-0.05	-24.9	-24.9
SW2         	19931208.34	-46.124	2.07	2.1	0.32221929	27.43	25.23	24.97	24.08	23.94	2.44	0.07	0.18	0.02	0.13	0.29	0.03	-0.09	-0.32	-0.02	-0.19	-1.4	-0.04	-0.89	-1.03
SW2         	19931208.37	-46.094	2.07	2.1	0.32221929	27.32	24.66	24.95	23.81	0	2.41	0.07	0.38	0.01	0.2	0.57	0.03	-0.09	0.99	-0.02	-0.38	0.99	-0.04	-1.14	-24.95
SW2         	19931209.33	-45.134	2.07	2.099	0.32201244	27.15	24.81	24.97	23.26	23.88	2.48	0.12	0.33	0.01	0.52	0.29	0.03	-0.17	0.99	-0.01	0.99	-1.17	-0.03	-1.71	-1.09
SW2         	19940104.27	-19.194	2.07	2.076	0.31722735	27.76	25.62	25.25	24.01	0	2.87	0.05	0.14	0.02	0.17	0.24	0.01	-0.06	-0.21	-0.02	-0.29	-0.59	-0.01	-1.24	-25.25
SW2         	19940104.29	-19.171	2.07	2.076	0.31722735	NaN    	NaN    	25.17	23.98	24.77	2.82	0	0	0.02	0.16	0.08	0.01	0	0	-0.02	-0.26	-0.1	-0.01	-1.19	-0.4
SW2         	19940104.31	-19.153	2.07	2.076	0.31722735	NaN    	NaN    	25.27	0	0	2.9	0	0	0.02	0.66	0.09	0.01	0	0	-0.02	0.99	-0.11	-0.01	-25.27	-25.27
WH          	19970930.45	0.719	1.582	1.582	0.19920648	27.56	24.39	24.99	23.75	24.25	2.23	0.03	0.23	0.01	0.17	0.08	0.06	-0.03	-0.52	-0.01	-0.29	-0.09	-0.07	-1.24	-0.74
WH          	19970930.45	0.719	1.582	1.582	0.19920648	NaN    	NaN    	25.04	NaN    	NaN    	2.33	0	0	0.01	0	0	0.04	0	0	-0.01	0	0	-0.05	•	•
WH          	19970930.49	0.762	1.582	1.582	0.19920648	27.5	0	25	0	24.08	2.42	0.02	0.28	0.01	0.16	0.11	0.04	-0.03	-0.99	-0.01	-0.27	-0.14	-0.04	-25	-0.92
WH          	19971004.46	4.728	1.582	1.583	0.19948091	27.52	24.52	25.05	23.76	24.07	2.41	0.02	0.17	0.01	0.15	0.09	0.04	-0.03	-0.28	-0.01	-0.24	-0.11	-0.04	-1.29	-0.98
WH          	19971004.46	4.728	1.582	1.583	0.19948091	NaN    	NaN    	25.02	NaN    	NaN    	2.42	0	0	0.01	0	0	0.03	0	0	-0.01	0	0	-0.03	•	•
WH          	19971004.49	4.759	1.582	1.583	0.19948091	27.59	24.28	25.02	0	24.01	2.46	0.02	0.28	0.01	0.26	0.15	0.04	-0.02	-1.09	-0.01	-0.74	-0.23	-0.05	-25.02	-1.01
WH          	19971004.49	4.759	1.582	1.583	0.19948091	NaN    	NaN    	25.04	NaN    	NaN    	2.45	0	0	0.01	0	0	0.04	0	0	-0.01	0	0	-0.04	•	•
WH          	19971009.45	9.718	1.582	1.585	0.20002927	27.49	24.63	25	23.92	24.11	2.32	0.03	0.15	0.01	0.19	0.08	0.04	-0.03	-0.22	-0.01	-0.35	-0.1	-0.04	-1.08	-0.89
WH          	19971009.45	9.718	1.582	1.585	0.20002927	NaN    	NaN    	25.02	NaN    	NaN    	2.32	0	0	0.01	0	0	0.03	0	0	-0.01	0	0	-0.04	•	•
WH          	19971009.48	9.75	1.582	1.585	0.20002927	27.52	22.34	24.97	23.73	24.07	2.43	0.02	0.99	0.01	0.22	0.1	0.04	-0.02	0.99	-0.01	-0.49	-0.14	-0.04	-1.24	-0.9
WH          	19971009.48	9.75	1.582	1.585	0.20002927	NaN    	NaN    	25.03	NaN    	NaN    	2.49	0	0	0.01	0	0	0.03	0	0	-0.01	0	0	-0.03	•	•
WH          	19971101.45	32.715	1.582	1.617	0.20871002	27.38	24.19	25	23.77	23.97	2.45	0.03	0.21	0	0.11	0.1	0.03	-0.03	-0.44	0	-0.16	-0.13	-0.03	-1.23	-1.03
WH          	19971101.5	32.769	1.582	1.617	0.20871002	27.44	24.53	24.97	23.29	23.94	2.5	0.02	0.14	0.01	0.27	0.13	0.03	-0.02	-0.2	-0.01	-0.91	-0.18	-0.03	-1.68	-1.03
WH          	19971102.46	33.729	1.582	1.619	0.20924685	27.44	24.58	25.02	23.65	23.8	2.47	0.02	0.12	0.01	0.19	0.15	0.03	-0.02	-0.16	-0.01	-0.33	-0.23	-0.03	-1.37	-1.22
WH          	19971102.49	33.763	1.582	1.619	0.20924685	27.41	24.46	25.01	23.59	23.88	2.47	0.02	0.16	0.01	0.2	0.14	0.03	-0.02	-0.25	-0.01	-0.38	-0.21	-0.03	-1.42	-1.13
WH          	19971204.43	65.703	1.582	1.714	0.23401082	27.37	24.49	24.89	23	24.14	2.32	0.02	0.1	0	0.3	0.06	0.03	-0.02	-0.13	0	0.99	-0.07	-0.03	-1.89	-0.75
WH          	19980108.41	100.677	1.582	1.867	0.27114432	27.14	25.47	24.61	23.3	23.95	2.21	0.05	0.06	0.02	0.41	0.23	0.07	-0.06	-0.07	-0.03	0.99	-0.52	-0.09	-1.31	-0.66
WH          	19980108.47	100.744	1.582	1.867	0.27114432	27.05	24.77	24.67	0	23.8	2.32	0.06	0.15	0.01	0.99	0.23	0.03	-0.08	-0.22	-0.02	0.99	-0.5	-0.04	-24.67	-0.87
GZ          	19980909.15	-73.62	1.034	1.435	0.1568519	27.96	24.77	25.59	24.31	24.74	2.91	0.03	0.15	0	0.03	0.04	0.01	-0.03	-0.23	0	-0.04	-0.04	-0.01	-1.28	-0.85
GZ          	19980909.16	-73.608	1.034	1.435	0.1568519	28.07	0	25.61	24.59	25.02	2.18	0.01	0.12	0	0.03	0.02	0.07	-0.01	-0.16	0	-0.04	-0.02	-0.08	-1.02	-0.59
GZ          	19980917.13	-65.636	1.034	1.367	0.13576851	28.12	25.07	25.63	24.27	25.08	2.61	0.01	0.05	0	0.03	0.01	0.02	-0.01	-0.05	0	-0.03	-0.01	-0.02	-1.36	-0.55
GZ          	19980917.15	-65.619	1.034	1.367	0.13576851	28.13	25.07	25.64	24.27	25.07	2.55	0.01	0.04	0	0.03	0.01	0.02	-0.01	-0.04	0	-0.03	-0.01	-0.02	-1.37	-0.57
GZ          	19981104.1	-17.667	1.034	1.063	0.02653326	28.39	25.48	25.67	24.45	25.14	2.97	0.01	0.06	0	0.05	0.02	0.02	-0.01	-0.07	0	-0.06	-0.02	-0.02	-1.22	-0.53
GZ          	19981104.12	-17.647	1.034	1.063	0.02653326	28.41	25.56	25.64	24.14	25.2	3.02	0.01	0.07	0	0.11	0.02	0.02	-0.01	-0.09	0	-0.15	-0.02	-0.02	-1.5	-0.44
GZ          	19981117.12	-4.655	1.034	1.036	0.01535976	28.36	25.57	25.53	24.25	25.1	2.77	0.01	0.01	0	0.03	0.01	0.01	-0.01	-0.02	0	-0.03	-0.01	-0.01	-1.28	-0.43
GZ          	19981117.13	-4.644	1.034	1.036	0.01535976	28.37	25.58	25.54	24.14	25.12	2.78	0.01	0.01	0	0.04	0.01	0.01	-0.01	-0.02	0	-0.04	-0.01	-0.01	-1.4	-0.42
GZ          	19981118.09	-3.677	1.034	1.035	0.01494035	28.34	25.57	25.51	24.24	25.07	2.78	0	0.01	0	0.01	0	0.01	0	-0.01	0	-0.02	0	-0.01	-1.27	-0.44
GZ          	19981118.11	-3.662	1.034	1.035	0.01494035	28.33	25.55	25.51	24.2	25.06	2.83	0.01	0.01	0	0.02	0.01	0.01	-0.01	-0.02	0	-0.02	-0.01	-0.01	-1.31	-0.45
GZ          	19981118.16	-3.615	1.034	1.035	0.01494035	28.37	25.58	25.52	24.22	25.09	2.74	0.01	0.02	0	0.04	0.01	0.01	-0.01	-0.02	0	-0.05	-0.01	-0.01	-1.3	-0.43
GZ          	19981119.09	-2.676	1.034	1.034	0.01452054	28.33	25.59	25.53	24.24	25.07	2.8	0	0.01	0	0.02	0	0.01	0	-0.01	0	-0.02	0	-0.01	-1.29	-0.46
GZ          	19981119.11	-2.656	1.034	1.034	0.01452054	28.32	25.57	25.54	24.2	25.07	2.85	0.01	0.01	0	0.02	0.01	0.01	-0.01	-0.01	0	-0.02	-0.01	-0.01	-1.34	-0.47
GZ          	19981208.12	16.349	1.034	1.06	0.02530587	27.95	25.05	25.2	23.94	24.71	2.45	0.01	0.04	0	0.05	0.01	0.02	-0.01	-0.05	0	-0.06	-0.01	-0.02	-1.26	-0.49
GZ          	19981208.15	16.378	1.034	1.06	0.02530587	28.02	25.15	25.24	24	24.76	2.41	0.02	0.03	0	0.09	0.01	0.02	-0.02	-0.04	0	-0.11	-0.01	-0.02	-1.24	-0.48
JAGER       	19981208.2	-91.87	2.134	2.301	0.36191662	27.67	25.19	25.21	24.33	0	2.91	0.06	0.14	0.02	0.15	0.2	0.02	-0.07	-0.2	-0.02	-0.22	-0.37	-0.02	-0.88	-25.21
GZ          	19981211.09	19.319	1.034	1.07	0.02938378	27.93	25.06	25.19	23.72	24.7	2.41	0	0.02	0	0.07	0.01	0.01	0	-0.02	0	-0.08	-0.01	-0.01	-1.47	-0.49
GZ          	19981211.11	19.34	1.034	1.07	0.02938378	27.88	24.97	25.16	23.74	24.66	2.45	0.01	0.03	0	0.06	0.01	0.01	-0.01	-0.04	0	-0.06	-0.01	-0.01	-1.42	-0.5
GZ          	19981211.13	19.358	1.034	1.07	0.02938378	27.94	25.06	25.19	23.83	24.71	2.4	0.01	0.03	0	0.07	0.01	0.01	-0.01	-0.03	0	-0.08	-0.01	-0.01	-1.36	-0.48
JAGER       	19981211.25	-88.816	2.134	2.291	0.36002509	27.69	NaN    	25.22	24.02	23.39	2.96	0.08	0	0.01	0.11	0.76	0.01	-0.1	0	-0.01	-0.15	0.99	-0.01	-1.2	-1.83
GZ          	19990109.12	48.351	1.034	1.234	0.09131516	27.99	24.99	25.33	0	24.83	2.74	0.01	0.06	0	0.99	0.02	0.01	-0.01	-0.07	0	0.99	-0.02	-0.01	-25.33	-0.5
GZ          	19990109.15	48.376	1.034	1.234	0.09131516	27.73	24.88	25.14	24.07	24.53	2.24	0.01	0.04	0	0.05	0.01	0.02	-0.01	-0.04	0	-0.06	-0.01	-0.02	-1.07	-0.61
GZ          	19990110.12	49.347	1.034	1.241	0.09377178	27.96	24.93	25.35	23.97	24.85	2.51	0	0.03	0	0.06	0.01	0.01	0	-0.03	0	-0.06	-0.01	-0.01	-1.38	-0.5
GZ          	19990110.14	49.367	1.034	1.241	0.09377178	27.96	24.72	25.34	23.64	24.82	2.59	0.01	0.06	0	0.1	0.01	0.01	-0.01	-0.07	0	-0.13	-0.01	-0.01	-1.7	-0.52
GZ          	19990110.16	49.386	1.034	1.241	0.09377178	27.97	24.81	25.33	23.78	24.81	2.67	0.01	0.08	0	0.08	0.01	0.01	-0.01	-0.09	0	-0.11	-0.01	-0.01	-1.55	-0.52
GZ          	19990204.12	74.35	1.034	1.444	0.15956719	27.01	23.48	24.48	23.33	23.95	2	0	0.13	0	0.07	0.01	0.01	0	-0.19	0	-0.08	-0.01	-0.01	-1.15	-0.53
GZ          	19990204.13	74.363	1.034	1.444	0.15956719	27.01	23.85	24.48	23.35	23.92	2.02	0	0.07	0	0.06	0.01	0.01	0	-0.08	0	-0.07	-0.01	-0.01	-1.13	-0.56
GZ          	19990204.15	74.382	1.034	1.444	0.15956719	27.01	23.44	24.48	23.29	23.93	2.02	0.01	0.16	0	0.08	0.01	0.01	-0.01	-0.27	0	-0.1	-0.01	-0.01	-1.19	-0.55
GZ          	19990508.16	167.387	1.034	2.28	0.35793485	NaN    	NaN    	23.78	23.33	0	1.82	0	0	0.24	0.58	0.39	0.19	0	0	-0.59	0.99	0.99	-0.33	-0.45	-23.78
GZ          	19990509.16	168.387	1.034	2.289	0.35964579	NaN    	NaN    	23.56	NaN    	0	NaN    	0	0	0.32	0	0.28	0	0	0	0.99	0	-0.96	0	•	-23.56
GZ          	19990509.16	168.389	1.034	2.289	0.35964579	NaN    	NaN    	23.89	NaN    	0	NaN    	0	0	0.18	0	0.34	0	0	0	-0.33	0	0.99	0	•	-23.89
GZ          	19990509.16	168.39	1.034	2.289	0.35964579	NaN    	NaN    	23.71	NaN    	24	NaN    	0	0	0.26	0	0.13	0	0	0	-0.79	0	-0.18	0	•	0.29
SHOEMAKER3  	20030105.37	21.499	1.814	1.829	0.26221371	26.57	0	23.98	0	0	1.91	0.11	0.51	0.05	0.7	0.27	0.05	-0.14	0.99	-0.06	0.99	-0.92	-0.06	-23.98	-23.98
SHOEMAKER3  	20030105.39	21.518	1.814	1.829	0.26221371	26.34	23.92	24.04	0	22.75	1.8	0.17	0.47	0.04	0.42	0.8	0.07	-0.27	0.99	-0.05	0.99	0.99	-0.08	-24.04	-1.29
SHOEMAKER3  	20030107.32	23.45	1.814	1.831	0.26268834	26.62	24.51	24.07	0	22.95	1.87	0.12	0.21	0.05	0.81	0.67	0.06	-0.17	-0.43	-0.06	0.99	0.99	-0.07	-24.07	-1.12
WH          	20040118.16	-59.557	1.579	1.688	0.22737244	27.57	24.64	25.04	0	24.25	2.41	0.02	0.13	0.01	0.99	0.08	0.04	-0.03	-0.19	-0.01	0.99	-0.1	-0.05	-25.04	-0.79
WH          	20040118.18	-59.541	1.579	1.688	0.22737244	27.53	0	25.02	23.53	24.09	2.49	0.05	0.31	0.01	0.23	0.14	0.04	-0.05	0.99	-0.01	-0.53	-0.21	-0.04	-1.49	-0.93
WH          	20040123.15	-54.567	1.579	1.671	0.22297645	27.53	0	25	23.57	24.08	2.51	0.04	0.8	0.01	0.24	0.15	0.04	-0.04	0.99	-0.01	-0.55	-0.23	-0.04	-1.43	-0.92
WH          	20040211.16	-35.563	1.579	1.619	0.20924685	27.61	24.67	25.01	23.78	24.38	2.47	0.04	0.16	0.01	0.15	0.08	0.04	-0.04	-0.25	-0.01	-0.23	-0.1	-0.05	-1.23	-0.63
WH          	20040213.16	-33.564	1.579	1.615	0.20817253	27.68	0	25.05	23.33	23.99	2.59	0.05	0.48	0.01	0.34	0.23	0.04	-0.06	0.99	-0.01	0.99	-0.5	-0.05	-1.72	-1.06
SW3         	20060225.3	-101.664	0.939	1.652	0.21801004	27.32	24.34	24.88	23.67	24.07	2.05	0.03	0.17	0.01	0.11	0.06	0.04	-0.03	-0.28	-0.01	-0.16	-0.06	-0.04	-1.21	-0.81
SW3         	20060225.32	-101.644	0.939	1.652	0.21801004	27.31	24.22	24.88	23.15	24.06	2.07	0.03	0.21	0.01	0.21	0.07	0.03	-0.03	-0.44	-0.01	-0.43	-0.08	-0.04	-1.73	-0.82
SW3         	20060225.34	-101.623	0.939	1.652	0.21801004	27.29	24.33	24.89	23.18	23.83	2.17	0.03	0.21	0.01	0.22	0.14	0.03	-0.04	-0.41	-0.01	-0.46	-0.2	-0.03	-1.71	-1.06
SW3         	20060225.38	-101.578	0.939	1.652	0.21801004	27.29	23.59	24.89	23.39	24.07	1.98	0.01	0.37	0	0.18	0.05	0.04	-0.01	0.99	0	-0.31	-0.05	-0.04	-1.5	-0.82
SW3         	20060225.4	-101.559	0.939	1.652	0.21801004	27.28	24.22	24.89	23.28	24.09	2.02	0.02	0.18	0.01	0.17	0.06	0.04	-0.02	-0.32	-0.01	-0.28	-0.07	-0.04	-1.61	-0.8
SW3         	20060225.42	-101.538	0.939	1.652	0.21801004	27.3	24.46	24.88	23.44	23.9	2.16	0.02	0.15	0.01	0.12	0.11	0.03	-0.02	-0.24	-0.01	-0.18	-0.15	-0.03	-1.44	-0.98
SW3         	20060402.21	-65.752	0.939	1.317	0.11958577	27.59	24.91	25.03	23.85	24.32	2.56	0.01	0.03	0	0.03	0.02	0.01	-0.01	-0.04	0	-0.03	-0.02	-0.01	-1.18	-0.71
SW3         	20060402.24	-65.722	0.939	1.317	0.11958577	27.6	24.76	25.08	23.38	24.32	2.54	0.01	0.03	0	0.06	0.02	0.01	-0.01	-0.04	0	-0.07	-0.02	-0.01	-1.7	-0.76
SW3         	20060402.26	-65.703	0.939	1.317	0.11958577	27.53	24.8	25.07	23.48	24.25	2.41	0.01	0.02	0	0.04	0.01	0.01	-0.01	-0.02	0	-0.05	-0.02	-0.01	-1.59	-0.82
SW3         	20060402.27	-65.69	0.939	1.317	0.11958577	27.55	24.71	25.06	23.08	24.12	2.59	0.01	0.04	0	0.11	0.04	0.01	-0.01	-0.04	0	-0.14	-0.05	-0.01	-1.98	-0.94
SW3         	20060402.3	-65.665	0.939	1.317	0.11958577	27.56	24.84	25.09	23.53	24.29	2.53	0.01	0.02	0	0.03	0.02	0	-0.01	-0.02	0	-0.04	-0.02	0	-1.56	-0.8
SW3         	20060425.22	-42.737	0.939	1.123	0.05037976	27.76	25.17	25.24	23.63	24.52	2.75	0	0.01	0	0.02	0.01	0	0	-0.01	0	-0.02	-0.01	0	-1.61	-0.72
SW3         	20060425.26	-42.697	0.939	1.123	0.05037976	27.75	25.16	25.24	23.71	24.53	2.65	0	0	0	0.01	0	0	0	0	0	-0.01	0	0	-1.53	-0.71
SW3         	20060425.28	-42.685	0.939	1.123	0.05037976	27.76	25.19	25.21	23.32	24.43	2.81	0	0.01	0	0.05	0.02	0	0	-0.01	0	-0.06	-0.03	0	-1.89	-0.78
SW3         	20060425.35	-42.611	0.939	1.123	0.05037976	27.75	25.17	25.21	23.58	24.5	2.74	0	0.01	0	0.02	0.01	0	0	-0.01	0	-0.02	-0.01	0	-1.63	-0.71
SW3         	20060509.26	-28.696	0.939	1.028	0.01199311	28.05	25.42	25.39	23.79	24.68	2.63	0	0.01	0	0.02	0.01	0	0	-0.01	0	-0.02	-0.01	0	-1.6	-0.71
SW3         	20060509.28	-28.683	0.939	1.028	0.01199311	28.06	25.45	25.41	23.78	24.71	2.67	0	0.02	0	0.03	0.01	0	0	-0.02	0	-0.03	-0.01	0	-1.63	-0.7
SW3         	20060509.29	-28.675	0.939	1.028	0.01199311	28.06	25.48	25.43	23.91	24.65	2.71	0.01	0.02	0	0.03	0.02	0	-0.01	-0.02	0	-0.03	-0.02	0	-1.52	-0.78
SW3         	20060509.42	-28.542	0.939	1.028	0.01199311	28.04	25.42	25.41	23.73	24.65	2.67	0	0.01	0	0.01	0.01	0	0	-0.01	0	-0.01	-0.01	0	-1.68	-0.76
SW3         	20060510.35	-27.608	0.939	1.022	0.0094509	28.01	25.36	25.34	23.67	24.68	2.58	0	0.02	0	0.03	0.01	0	0	-0.02	0	-0.03	-0.02	0	-1.67	-0.66
SW3         	20060510.37	-27.595	0.939	1.022	0.0094509	27.99	25.37	25.34	23.66	24.63	2.55	0	0.01	0	0.01	0	0	0	-0.01	0	-0.01	0	0	-1.68	-0.71
SW3         	20060510.38	-27.576	0.939	1.022	0.0094509	28	25.37	25.33	23.69	24.61	2.56	0	0.01	0	0.02	0.01	0	0	-0.01	0	-0.02	-0.01	0	-1.64	-0.72
SW3         	20060510.43	-27.527	0.939	1.022	0.0094509	27.99	25.42	25.32	23.86	24.62	2.55	0	0	0	0.01	0	0	0	0	0	-0.01	0	0	-1.46	-0.7
SW3         	20060517.45	-20.509	0.939	0.986	-0.00612309	28.09	25.49	25.4	23.75	24.65	2.34	0	0.01	0	0.02	0.01	0	0	-0.01	0	-0.02	-0.01	0	-1.65	-0.75
SW3         	20060517.46	-20.501	0.939	0.986	-0.00612309	28.05	25.29	25.39	23.47	24.68	2.28	0	0.01	0	0.02	0	0	0	-0.01	0	-0.03	0	0	-1.92	-0.71
SW3         	20060517.47	-20.492	0.939	0.986	-0.00612309	28.11	25.72	25.39	24.04	24.67	2.4	0	0.01	0	0.02	0.02	0	0	-0.01	0	-0.02	-0.02	0	-1.35	-0.72
SW3         	20060518.44	-19.515	0.939	0.982	-0.00788851	28.06	25.54	25.38	23.99	24.66	2.24	0	0	0	0.01	0	0	0	0	0	-0.01	0	0	-1.39	-0.72
SW3         	20060518.46	-19.505	0.939	0.982	-0.00788851	28.11	25.49	25.4	23.74	24.58	2.39	0.01	0.01	0	0.03	0.02	0	-0.01	-0.02	0	-0.04	-0.02	0	-1.66	-0.82
SW3         	20060518.46	-19.497	0.939	0.982	-0.00788851	28.07	25.58	25.38	24.04	24.62	2.33	0	0.01	0	0.01	0.01	0	0	-0.01	0	-0.01	-0.01	0	-1.34	-0.76
SW3         	20060924.34	109.38	0.939	1.725	0.2367891	26.47	0	24.23	0	23.78	1.4	0.07	0.69	0.02	0.78	0.12	0.09	-0.08	0.99	-0.02	0.99	-0.17	-0.12	-24.23	-0.45
SW3         	20060924.36	109.396	0.939	1.725	0.2367891	26.59	23.8	24.31	0	23	1.61	0.07	0.55	0.02	0.72	0.52	0.06	-0.09	0.99	-0.02	0.99	0.99	-0.07	-24.31	-1.31
LINEAR17    	20091015.42	36.456	1.224	1.31	0.1172713	27.8	25.08	25.24	23.74	24.59	2.93	0.01	0.02	0	0.06	0.02	0.01	-0.01	-0.02	0	-0.06	-0.02	-0.01	-1.5	-0.65
LINEAR17    	20091015.47	36.506	1.224	1.31	0.1172713	27.8	25	25.27	23.73	24.58	2.88	0	0.02	0	0.05	0.01	0.01	0	-0.02	0	-0.06	-0.01	-0.01	-1.54	-0.69
LINEAR17    	20091015.48	36.518	1.224	1.31	0.1172713	27.75	24.98	25.19	23.66	24.5	2.93	0.01	0.03	0	0.06	0.03	0.01	-0.01	-0.03	0	-0.07	-0.03	-0.01	-1.53	-0.69
LINEAR17    	20091121.24	73.276	1.224	1.529	0.18440749	27.18	24.43	24.66	20.87	24.04	2.31	0.05	0.25	0.01	0.99	0.08	0.02	-0.06	-0.63	-0.01	0.99	-0.11	-0.02	-3.79	-0.62
LINEAR17    	20091121.26	73.297	1.224	1.529	0.18440749	27.05	24.37	24.65	23.02	23.65	2.26	0.03	0.2	0.01	0.38	0.15	0.02	-0.04	-0.38	-0.01	0.99	-0.23	-0.02	-1.63	-1
GZ          	20111020.11	-114.622	1.03	1.806	0.25671775	NaN    	NaN    	25.15	NaN    	24.78	1.78	0	0	0.02	0	0.07	0.36	0	0	-0.02	0	-0.09	0.99	•	-0.37
HERGENROTHE1	20121009.15	7.191	1.415	1.417	0.15136985	27.85	25.03	25.32	23.81	24.52	2.8	0.01	0.06	0	0.07	0.04	0.01	-0.01	-0.06	0	-0.08	-0.04	-0.01	-1.51	-0.8
HERGENROTHE1	20121009.16	7.199	1.415	1.417	0.15136985	27.86	24.96	25.34	23.67	24.53	2.6	0.01	0.04	0	0.09	0.02	0.01	-0.01	-0.05	0	-0.11	-0.02	-0.01	-1.67	-0.81
HERGENROTHE1	20121009.19	7.226	1.415	1.417	0.15136985	27.84	25.05	25.31	23.75	24.5	2.86	0.01	0.07	0.01	0.09	0.06	0.01	-0.01	-0.08	-0.01	-0.11	-0.07	-0.01	-1.56	-0.81
HERGENROTHE1	20121009.2	7.235	1.415	1.417	0.15136985	27.84	24.98	25.34	23.83	24.54	2.68	0.01	0.04	0	0.05	0.02	0.01	-0.01	-0.04	0	-0.06	-0.02	-0.01	-1.51	-0.8
HERGENROTHE1	20121009.21	7.245	1.415	1.417	0.15136985	27.85	25.05	25.32	23.78	24.52	2.81	0.01	0.04	0	0.06	0.03	0.01	-0.01	-0.05	0	-0.07	-0.03	-0.01	-1.54	-0.8
JAGER       	20140224.2	-16.276	2.156	2.162	0.33485569	27.48	0	24.87	23.85	24.44	2.55	0.05	0.37	0.03	0.17	0.15	0.04	-0.06	0.99	-0.03	-0.29	-0.23	-0.05	-1.02	-0.43
JAGER       	20140224.27	-16.207	2.156	2.162	0.33485569	27.3	24.53	24.9	0	24.33	2.41	0.07	0.35	0.02	0.21	0.14	0.06	-0.08	0.99	-0.02	-0.42	-0.21	-0.07	-24.9	-0.57
JAGER       	20140325.15	12.672	2.156	2.16	0.33445375	27.3	0	24.81	24.06	24.17	2.33	0.06	0.86	0.04	0.16	0.18	0.08	-0.06	0.99	-0.04	-0.25	-0.32	-0.1	-0.75	-0.64
JAGER       	20140325.17	12.685	2.156	2.16	0.33445375	27.33	0	24.83	24.11	23.39	2.46	0.05	0.99	0.02	0.11	0.6	0.06	-0.06	0.99	-0.03	-0.15	0.99	-0.07	-0.72	-1.44
GZ          	20180517.29	-115.991	1.013	1.818	0.25959388	27.37	0	25	23.96	24.35	1.71	0.11	0.99	0.02	0.13	0.07	0.17	-0.14	0.99	-0.03	-0.18	-0.08	-0.29	-1.04	-0.65
GZ          	20180517.31	-115.974	1.013	1.818	0.25959388	27.23	0	25	23.33	24.5	0.36	0.09	0.57	0.01	0.34	0.1	0.99	-0.12	0.99	-0.01	0.99	-0.13	0.99	-1.67	-0.5
GZ          	20180517.32	-115.96	1.013	1.818	0.25959388	27.26	0	25	0	23.95	2.02	0.08	0.99	0.01	0.99	0.19	0.1	-0.1	0.99	-0.01	0.99	-0.34	-0.14	-25	-1.05
GZ          	20180517.34	-115.945	1.013	1.818	0.25959388	27.27	24.21	25.01	23.44	24.35	1.6	0.05	0.33	0.01	0.23	0.08	0.21	-0.06	0.99	-0.01	-0.51	-0.09	-0.41	-1.57	-0.66
GZ          	20180517.35	-115.931	1.013	1.818	0.25959388	27.21	24.1	25	23.89	24.3	1.8	0.05	0.4	0.01	0.12	0.08	0.14	-0.06	0.99	-0.01	-0.16	-0.1	-0.2	-1.11	-0.7
GZ          	20180605.25	-97.026	1.013	1.642	0.21537315	27.19	0	24.73	23.76	24.55	2.2	0.12	0.56	0.03	0.23	0.06	0.06	-0.17	0.99	-0.04	-0.55	-0.07	-0.08	-0.97	-0.18
GZ          	20180605.29	-96.989	1.013	1.642	0.21537315	27.58	24.79	25.22	24.01	24.6	1.97	0.03	0.17	0.01	0.09	0.05	0.1	-0.04	-0.28	-0.01	-0.12	-0.06	-0.13	-1.21	-0.62
GZ          	20180605.3	-96.979	1.013	1.642	0.21537315	27.63	24.92	25.25	23.91	24.64	1.68	0.02	0.1	0.01	0.14	0.04	0.16	-0.02	-0.14	-0.01	-0.2	-0.04	-0.25	-1.34	-0.61
GZ          	20180612.2	-90.083	1.013	1.578	0.198107	27.72	24.37	25.28	24.3	24.67	1.96	0.07	0.37	0.02	0.09	0.03	0.08	-0.09	0.99	-0.02	-0.11	-0.03	-0.1	-0.98	-0.61
GZ          	20180612.21	-90.07	1.013	1.578	0.198107	27.63	0	25.28	23.27	24.71	1.96	0.06	0.69	0.01	0.34	0.03	0.09	-0.07	0.99	-0.01	0.99	-0.03	-0.11	-2.01	-0.57
GZ          	20180612.23	-90.05	1.013	1.578	0.198107	27.58	24.85	25.31	24.09	24.69	2.11	0.04	0.13	0.01	0.08	0.03	0.06	-0.05	-0.19	-0.01	-0.1	-0.03	-0.06	-1.22	-0.62
GZ          	20180612.26	-90.025	1.013	1.578	0.198107	27.66	24.53	25.3	24.09	24.66	2.15	0.02	0.19	0.01	0.08	0.03	0.05	-0.02	-0.35	-0.01	-0.1	-0.03	-0.06	-1.21	-0.64
GZ          	20180612.27	-90.01	1.013	1.578	0.198107	27.67	24.65	25.3	23.86	24.79	1.14	0.02	0.15	0	0.09	0.03	0.4	-0.02	-0.22	0	-0.11	-0.04	0.99	-1.44	-0.51
GZ          	20180612.28	-89.999	1.013	1.578	0.198107	27.69	24.69	25.28	23.97	24.62	2.18	0.02	0.14	0.01	0.07	0.04	0.05	-0.02	-0.21	-0.01	-0.08	-0.04	-0.06	-1.31	-0.66
GZ          	20180703.2	-69.083	1.013	1.389	0.14270225	27.97	24.89	25.52	23.93	24.92	2.52	0.02	0.09	0	0.06	0.02	0.02	-0.02	-0.11	0	-0.07	-0.02	-0.02	-1.59	-0.6
GZ          	20180703.21	-69.069	1.013	1.389	0.14270225	27.98	24.79	25.49	24.1	24.9	2.5	0.01	0.08	0	0.04	0.02	0.02	-0.01	-0.1	0	-0.04	-0.02	-0.02	-1.39	-0.59
GZ          	20180703.23	-69.047	1.013	1.389	0.14270225	27.99	24.81	25.5	23.89	24.92	2.4	0.01	0.06	0	0.05	0.01	0.02	-0.01	-0.07	0	-0.06	-0.01	-0.02	-1.61	-0.58
GZ          	20180705.2	-67.081	1.013	1.372	0.13735411	28.03	24.75	25.52	23.98	24.91	2.59	0.01	0.09	0	0.05	0.01	0.02	-0.01	-0.12	0	-0.06	-0.02	-0.02	-1.54	-0.61
GZ          	20180705.21	-67.073	1.013	1.372	0.13735411	28	24.87	25.53	24.16	24.95	2.5	0.01	0.07	0	0.04	0.01	0.02	-0.01	-0.09	0	-0.04	-0.01	-0.02	-1.37	-0.58
GZ          	20180705.22	-67.061	1.013	1.372	0.13735411	27.99	24.96	25.51	23.99	24.94	2.53	0.01	0.06	0	0.05	0.01	0.02	-0.01	-0.07	0	-0.05	-0.01	-0.02	-1.52	-0.57
GZ          	20180805.21	-36.075	1.013	1.135	0.05499586	28.44	25.49	25.73	24.41	25.22	2.98	0	0.01	0	0.01	0	0	0	-0.01	0	-0.01	0	0	-1.32	-0.51
GZ          	20180805.22	-36.064	1.013	1.135	0.05499586	28.43	25.47	25.74	24.43	25.24	2.88	0	0.01	0	0.01	0	0	0	-0.01	0	-0.01	0	0	-1.31	-0.5
GZ          	20180805.23	-36.053	1.013	1.135	0.05499586	28.43	25.51	25.73	24.42	25.21	3.03	0	0.01	0	0.01	0	0	0	-0.01	0	-0.01	0	0	-1.31	-0.52
GZ          	20180805.24	-36.042	1.013	1.135	0.05499586	28.44	25.54	25.74	24.42	25.2	3.07	0	0.01	0	0.01	0.01	0	0	-0.01	0	-0.01	-0.01	0	-1.32	-0.54
GZ          	20180805.25	-36.03	1.013	1.135	0.05499586	28.44	25.5	25.75	24.39	25.23	3.01	0	0.01	0	0.01	0	0	0	-0.01	0	-0.01	0	0	-1.36	-0.52
GZ          	20180805.26	-36.019	1.013	1.135	0.05499586	28.43	25.52	25.74	24.41	25.23	2.97	0	0.01	0	0.01	0	0	0	-0.01	0	-0.01	0	0	-1.33	-0.51
GZ          	20180819.37	-21.906	1.013	1.06	0.02530587	28.51	25.67	25.74	24.49	25.26	3.11	0	0	0	0.01	0	0	0	0	0	-0.01	0	0	-1.25	-0.48
GZ          	20180819.38	-21.896	1.013	1.06	0.02530587	28.5	25.66	25.76	24.52	25.27	3.01	0	0	0	0.01	0	0	0	0	0	-0.01	0	0	-1.24	-0.49
GZ          	20180819.39	-21.886	1.013	1.06	0.02530587	28.53	25.67	25.74	24.45	25.23	3.2	0	0.01	0	0.01	0.01	0	0	-0.01	0	-0.01	-0.01	0	-1.29	-0.51
GZ          	20180819.4	-21.878	1.013	1.06	0.02530587	28.5	25.67	25.74	24.51	25.26	3.11	0	0	0	0.01	0	0	0	0	0	-0.01	0	0	-1.23	-0.48
GZ          	20180905.33	-4.952	1.013	1.015	0.00646604	28.47	25.72	25.67	24.44	25.21	2.98	0	0.01	0	0.01	0	0	0	-0.01	0	-0.01	0	0	-1.23	-0.46
GZ          	20180905.34	-4.944	1.013	1.015	0.00646604	28.49	25.72	25.67	24.39	25.18	3.04	0.01	0.01	0	0.01	0.01	0	-0.01	-0.01	0	-0.01	-0.01	0	-1.28	-0.49
GZ          	20180905.35	-4.93	1.013	1.015	0.00646604	28.47	25.73	25.67	24.44	25.22	2.97	0	0.01	0	0.01	0	0	0	-0.01	0	-0.01	0	0	-1.23	-0.45
GZ          	20180913.34	3.059	1.013	1.014	0.00603795	28.39	25.58	25.63	24.4	25.16	2.78	0.01	0.01	0	0.01	0	0	-0.01	-0.01	0	-0.02	0	0	-1.23	-0.47
GZ          	20180913.35	3.067	1.013	1.014	0.00603795	28.4	25.61	25.63	24.37	25.15	2.86	0.01	0.01	0	0.01	0	0	-0.01	-0.01	0	-0.01	0	0	-1.26	-0.48
GZ          	20180913.35	3.074	1.013	1.014	0.00603795	28.4	25.61	25.62	24.36	25.13	2.9	0	0.01	0	0.01	0	0	0	-0.01	0	-0.01	0	0	-1.26	-0.49
GZ          	20180913.37	3.088	1.013	1.014	0.00603795	28.38	25.64	25.62	24.32	25.12	2.96	0.01	0.01	0	0.01	0.01	0	-0.01	-0.01	0	-0.01	-0.01	0	-1.3	-0.5
GZ          	20180913.39	3.107	1.013	1.014	0.00603795	28.37	25.58	25.61	24.32	25.11	2.93	0	0.01	0	0.01	0.01	0	0	-0.01	0	-0.01	-0.01	0	-1.29	-0.5
GZ          	20180913.39	3.113	1.013	1.014	0.00603795	28.38	25.63	25.62	24.37	25.14	2.89	0	0.01	0	0.01	0	0	0	-0.01	0	-0.01	0	0	-1.25	-0.48
GZ          	20180913.41	3.134	1.013	1.014	0.00603795	28.39	25.64	25.63	24.37	25.15	2.91	0	0.01	0	0.01	0	0	0	-0.01	0	-0.01	0	0	-1.26	-0.48
GZ          	20180918.39	8.111	1.013	1.02	0.00860017	28.3	25.56	25.59	24.28	25.1	2.83	0	0.01	0	0.01	0	0	0	-0.01	0	-0.01	0	0	-1.31	-0.49
GZ          	20180918.4	8.118	1.013	1.02	0.00860017	28.3	25.55	25.59	24.32	25.11	2.76	0	0	0	0.01	0	0	0	0	0	-0.01	0	0	-1.27	-0.48
GZ          	20180918.41	8.125	1.013	1.02	0.00860017	28.22	25.49	25.54	24.26	25.06	2.86	0	0.01	0	0.01	0.01	0	0	-0.01	0	-0.01	-0.01	0	-1.28	-0.48
GZ          	20181006.4	26.117	1.013	1.08	0.03342376	28.05	25.16	25.25	23.77	24.77	2.57	0.01	0.03	0	0.05	0.01	0.01	-0.01	-0.03	0	-0.05	-0.01	-0.01	-1.48	-0.48
GZ          	20181006.41	26.125	1.013	1.08	0.03342376	28.04	25.22	25.25	23.87	24.79	2.51	0.01	0.02	0	0.04	0.01	0.01	-0.01	-0.02	0	-0.04	-0.01	-0.01	-1.38	-0.46
GZ          	20181006.41	26.133	1.013	1.08	0.03342376	28.02	25.2	25.25	23.86	24.8	2.52	0.01	0.02	0	0.03	0.01	0.01	-0.01	-0.02	0	-0.03	-0.01	-0.01	-1.39	-0.45
GZ          	20181006.42	26.141	1.013	1.08	0.03342376	28.01	25.17	25.24	23.84	24.76	2.54	0.01	0.02	0	0.03	0.01	0.01	-0.01	-0.02	0	-0.03	-0.01	-0.01	-1.4	-0.48
GZ          	20181107.41	58.125	1.013	1.297	0.11293998	27.28	0	24.66	23.52	24.28	1.89	0.05	0.86	0.01	0.16	0.05	0.06	-0.06	0.99	-0.01	-0.25	-0.05	-0.07	-1.14	-0.38
GZ          	20181107.44	58.16	1.013	1.297	0.11293998	27.34	24.33	24.68	19.84	24.11	2.13	0.03	0.27	0.01	0.99	0.07	0.03	-0.03	-0.81	-0.01	0.99	-0.08	-0.04	-4.84	-0.57
GZ          	20181107.45	58.172	1.013	1.297	0.11293998	27.37	24.64	24.67	23.39	24.14	1.98	0.02	0.17	0.02	0.31	0.06	0.05	-0.02	-0.28	-0.02	0.99	-0.06	-0.05	-1.28	-0.53
GZ          	20181115.41	66.133	1.013	1.364	0.13481437	27.28	0	24.58	22.35	24.12	1.91	0.08	0.99	0.02	0.8	0.08	0.07	-0.09	0.99	-0.02	0.99	-0.1	-0.08	-2.23	-0.46
GZ          	20181115.42	66.141	1.013	1.364	0.13481437	27.34	23.57	24.59	0	24.14	1.94	0.06	0.82	0.02	0.59	0.08	0.06	-0.07	0.99	-0.02	0.99	-0.1	-0.07	-24.59	-0.45
GZ          	20181115.43	66.151	1.013	1.364	0.13481437	27.31	23.33	24.62	23.44	24.14	1.93	0.05	0.99	0.02	0.23	0.07	0.06	-0.05	0.99	-0.02	-0.54	-0.08	-0.07	-1.18	-0.48
GZ          	20181115.44	66.163	1.013	1.364	0.13481437	27.31	23.87	24.64	23.54	24.06	1.95	0.04	0.5	0.02	0.19	0.07	0.06	-0.04	0.99	-0.02	-0.35	-0.08	-0.07	-1.1	-0.58
GZ          	20181216.32	97.037	1.013	1.643	0.21563756	26.11	0	24.49	24.07	24.01	2.38	0.94	0.99	0.09	0.27	0.26	0.08	0.99	0.99	-0.11	-0.9	-0.73	-0.09	-0.42	-0.48
GZ          	20181216.33	97.053	1.013	1.643	0.21563756	27.07	0	24.34	22.53	24.2	2.23	0.32	0.99	0.06	0.99	0.13	0.07	0.99	0.99	-0.07	0.99	-0.18	-0.08	-1.81	-0.14
GZ          	20181216.35	97.071	1.013	1.643	0.21563756	0	24.71	24.47	23.51	23.68	2.08	0.99	0.31	0.04	0.35	0.27	0.07	0.99	0.99	-0.05	0.99	-0.88	-0.09	-0.96	-0.79
GZ          	20181216.4	97.121	1.013	1.643	0.21563756	27.04	0	24.44	0	24.12	1.88	0.52	0.99	0.03	0.27	0.15	0.12	0.99	0.99	-0.04	-0.92	-0.22	-0.16	-24.44	-0.32
GZ          	20181230.27	110.994	1.013	1.772	0.24846372	27.46	0	24.43	0	23.9	1.99	0.13	0.94	0.04	0.61	0.21	0.1	-0.19	0.99	-0.04	0.99	-0.43	-0.13	-24.43	-0.53
GZ          	20181230.29	111.004	1.013	1.772	0.24846372	27.37	0	24.4	0	24.12	1.98	0.14	0.99	0.03	0.63	0.13	0.1	-0.2	0.99	-0.03	0.99	-0.19	-0.13	-24.4	-0.28
GZ          	20190131.26	142.976	1.013	2.066	0.31513032	NaN	NaN	24.42	NaN	0	1.91	0	0	0.02	0	0.22	0.11	0	0	-0.02	0	-0.49	-0.15	•	-24.42
WESTHARTLEY 	20190131.27	-4.845	2.127	2.127	0.32776749	27.14	24.8	24.61	24.08	23.99	2.28	0.07	0.19	0.08	0.15	0.19	0.05	-0.09	-0.35	-0.09	-0.23	-0.36	-0.05	-0.53	-0.62
WESTHARTLEY 	20190131.29	-4.835	2.127	2.127	0.32776749	27.1	23.29	24.65	0	0	2.33	0.06	0.99	0.02	0.29	0.88	0.04	-0.08	0.99	-0.02	-1.21	0.99	-0.05	-24.65	-24.65
WESTHARTLEY 	20190226.31	21.187	2.127	2.133	0.32899086	26.94	24.06	24.55	0	23.85	2.27	0.05	0.4	0.02	0.99	0.24	0.04	-0.06	0.99	-0.02	0.99	-0.61	-0.04	-24.55	-0.7
WESTHARTLEY 	20190226.32	21.199	2.127	2.133	0.32899086	27.07	24.33	24.58	23.16	22.34	2.32	0.04	0.27	0.02	0.35	0.99	0.03	-0.05	-0.82	-0.02	0.99	0.99	-0.04	-1.42	-2.24
WESTHARTLEY 	20190325.22	48.094	2.127	2.16	0.33445375	26.83	0	24.54	22.99	23.74	2.3	0.07	0.3	0.02	0.5	0.34	0.05	-0.09	-1.74	-0.03	0.99	0.99	-0.05	-1.55	-0.8
WESTHARTLEY 	20190530.19	114.073	2.127	2.304	0.36248247	26.63	24.46	24.31	23.43	0	2.29	0.16	0.33	0.06	0.46	0.54	0.09	-0.27	0.99	-0.07	0.99	0.99	-0.11	-0.88	-24.31
WESTHARTLEY 	20190530.23	114.11	2.127	2.304	0.36248247	26.37	24.75	24.35	0	0	2.32	0.31	0.23	0.04	0.99	0.21	0.09	0.99	-0.51	-0.05	0.99	-0.43	-0.11	-24.35	-24.35
WESTHARTLEY 	20190530.25	114.132	2.127	2.304	0.36248247	26.26	24.43	24.38	0	0	2.21	0.35	0.39	0.04	0.99	0.25	0.11	0.99	0.99	-0.05	0.99	-0.63	-0.15	-24.38	-24.38
MCNAUGHT    	20190831.25	-9.71	1.417	1.421	0.15259408	26.98	24.46	24.37	0	23.58	2.13	0.13	0.2	0.02	0.99	0.17	0.03	-0.19	-0.36	-0.02	0.99	-0.28	-0.04	-24.37	-0.79
MCNAUGHT    	20190831.28	-9.676	1.417	1.421	0.15259408	27.13	24.3	24.38	22.91	23.6	2.03	0.04	0.19	0.02	0.29	0.15	0.04	-0.04	-0.33	-0.02	-1.19	-0.23	-0.04	-1.47	-0.78
MCNAUGHT    	20191001.26	21.297	1.417	1.437	0.15745677	27.08	24.36	24.46	23.28	23.66	2.18	0.01	0.08	0.01	0.1	0.1	0.02	-0.01	-0.11	-0.01	-0.13	-0.13	-0.02	-1.18	-0.8
MCNAUGHT    	20191001.27	21.309	1.417	1.437	0.15745677	27.07	23.78	24.45	22.87	23.68	2.19	0.01	0.23	0.01	0.2	0.1	0.02	-0.01	-0.54	-0.01	-0.4	-0.13	-0.02	-1.58	-0.77
MCNAUGHT    	20191003.19	23.23	1.417	1.441	0.15866398	27.1	24.06	24.47	0	23.88	2.24	0.03	0.23	0.01	0.99	0.09	0.02	-0.03	-0.5	-0.01	0.99	-0.12	-0.02	-24.47	-0.59
MCNAUGHT    	20191003.21	23.247	1.417	1.441	0.15866398	27.11	24.15	24.44	22.78	23.47	2.22	0.02	0.16	0.01	0.29	0.17	0.02	-0.02	-0.25	-0.01	-1.41	-0.28	-0.02	-1.66	-0.97
MCNAUGHT    	20191125.19	76.228	1.417	1.648	0.21695721	26.73	24.01	24.12	22.7	23.6	2.18	0.02	0.17	0.02	0.37	0.19	0.02	-0.02	-0.29	-0.02	0.99	-0.34	-0.03	-1.42	-0.52
MCNAUGHT    	20191125.26	76.303	1.417	1.648	0.21695721	26.7	0	24.15	0	0	2.14	0.03	0.26	0.02	0.17	0.18	0.03	-0.03	-0.74	-0.02	-0.27	-0.32	-0.03	-24.15	-24.15
MCNAUGHT    	20191125.29	76.329	1.417	1.648	0.21695721	26.68	0	24.13	0	23.71	2	0.03	0.49	0.01	0.65	0.15	0.03	-0.03	0.99	-0.02	0.99	-0.23	-0.04	-24.13	-0.42
WS          	20200114.15	0.057	1.579	1.579	0.19838213	26.6	0	24.12	23.24	23.48	1.37	0.05	0.62	0.04	0.18	0.21	0.16	-0.06	0.99	-0.04	-0.32	-0.44	-0.26	-0.88	-0.64
WS          	20200124.2	10.113	1.579	1.583	0.19948091	26.75	23.85	24.17	22.68	23.57	1.31	0.04	0.33	0.02	0.42	0.2	0.21	-0.05	0.99	-0.03	0.99	-0.38	-0.4	-1.49	-0.6
WS          	20200124.22	10.129	1.579	1.583	0.19948091	26.69	23.11	24.16	23.23	23.56	1.48	0.06	0.85	0.03	0.2	0.19	0.15	-0.06	0.99	-0.03	-0.38	-0.36	-0.23	-0.93	-0.6
BOATTINI    	20201216.12	-10.635	1.306	1.311	0.11760269	26.69	0	24.03	22.99	22.9	1.77	0.1	0.37	0.02	0.18	0.36	0.03	-0.12	0.99	-0.03	-0.3	0.99	-0.03	-1.04	-1.13
BOATTINI    	20201216.13	-10.619	1.306	1.311	0.11760269	26.88	24.32	24.03	22.84	23.47	1.7	0.04	0.13	0.02	0.2	0.13	0.03	-0.05	-0.18	-0.02	-0.38	-0.18	-0.04	-1.19	-0.56
BOATTINI    	20210106.16	10.412	1.306	1.311	0.11760269	26.59	23.5	24	22.75	23.29	1.76	0.03	0.31	0.01	0.18	0.16	0.03	-0.03	0.99	-0.02	-0.33	-0.25	-0.03	-1.25	-0.71
BOATTINI    	20210106.17	10.423	1.306	1.311	0.11760269	26.62	23.6	23.97	0	23.34	1.74	0.03	0.27	0.01	0.49	0.14	0.03	-0.03	-0.82	-0.02	0.99	-0.21	-0.03	-23.97	-0.63
BOATTINI    	20210106.18	10.433	1.306	1.311	0.11760269	26.61	23.72	23.98	22.38	23.05	1.78	0.03	0.22	0.02	0.37	0.25	0.03	-0.03	-0.45	-0.02	0.99	-0.66	-0.03	-1.6	-0.93
DND         	20211105.1	18.68	1.72	1.729	0.23779499	28.08	0	25.63	24.57	24.97	3.16	0.09	0.39	0.01	0.1	0.06	0.02	-0.12	0.99	-0.01	-0.13	-0.07	-0.02	-1.06	-0.66
DND         	20211130.08	43.663	1.72	1.767	0.24723655	28.02	24.49	25.44	0	24.78	2.98	0.03	0.35	0.01	0.31	0.07	0.03	-0.04	0.99	-0.01	0.99	-0.08	-0.03	-25.44	-0.66
DND         	20211130.1	43.676	1.72	1.767	0.24723655	27.88	25.23	25.43	0	24.6	3.02	0.07	0.13	0.01	0.14	0.12	0.03	-0.09	-0.18	-0.01	-0.21	-0.16	-0.04	-25.43	-0.83
SW3         	19951019.53	25.741	0.933	1.009	0.00389117	NaN    	NaN    	26.28	25.22	25.69	4.11	0	0	0	0.06	0.02	0	0	0	0	-0.08	-0.02	0	-1.06	-0.59
SW3         	19951019.54	25.751	0.933	1.009	0.00389117	NaN    	NaN    	26.29	25.15	25.73	4.06	0	0	0	0.09	0.02	0	0	0	0	-0.11	-0.02	0	-1.14	-0.56
SW3         	19951019.55	25.755	0.933	1.009	0.00389117	NaN    	NaN    	26.27	0	25.85	4.08	0	0	0	0.07	0.01	0	0	0	0	-0.08	-0.01	0	-26.27	-0.42
SW3         	19951022.5	28.712	0.933	1.026	0.01114736	NaN    	NaN    	26.19	0	25.79	3.98	0	0	0	0.04	0.01	0	0	0	0	-0.04	-0.01	0	-26.19	-0.4
SW3         	19951022.51	28.717	0.933	1.026	0.01114736	NaN    	NaN    	26.18	0	25.87	3.91	0	0	0	0.12	0.01	0	0	0	0	-0.16	-0.01	0	-26.18	-0.31
SW3         	19951022.51	28.722	0.933	1.026	0.01114736	NaN    	NaN    	26.17	24.97	25.65	3.98	0	0	0	0.06	0.01	0	0	0	0	-0.07	-0.01	0	-1.2	-0.52
SW3         	19951120.55	57.762	0.933	1.247	0.09586645	NaN    	NaN    	25.72	0	24.92	3.48	0	0	0.01	0.11	0.06	0	0	0	-0.01	-0.14	-0.07	0	-25.72	-0.8
SW3         	19951121.54	58.747	0.933	1.256	0.09898964	NaN    	NaN    	25.72	0	25.19	3.42	0	0	0	0.09	0.02	0	0	0	0	-0.12	-0.02	0	-25.72	-0.53
SW3         	19951121.55	58.762	0.933	1.256	0.09898964	NaN    	NaN    	25.76	24.94	23.85	3.51	0	0	0.01	0.12	0.81	0	0	0	-0.01	-0.16	0.99	0	-0.82	-1.91
GZ          	19981220.53	28.761	1.034	1.111	0.04571406	NaN    	NaN    	25.28	0	24.94	2.37	0	0	0	0.03	0.01	0.01	0	0	0	-0.03	-0.01	-0.01	-25.28	-0.34
GZ          	19981220.54	28.769	1.034	1.111	0.04571406	NaN    	NaN    	25.31	24.4	24.88	2.53	0	0	0	0.02	0.01	0.01	0	0	0	-0.02	-0.01	-0.01	-0.91	-0.43
GZ          	19990118.54	57.767	1.034	1.306	0.11594318	NaN    	NaN    	25.26	0	24.7	2.61	0	0	0	0.06	0.01	0.01	0	0	0	-0.07	-0.01	-0.01	-25.26	-0.56
GZ          	19990118.55	57.778	1.034	1.306	0.11594318	NaN    	NaN    	25.28	0	24.23	2.59	0	0	0	0.28	0.05	0.02	0	0	0	-0.95	-0.06	-0.02	-25.28	-1.05
GZ          	19990119.54	58.769	1.034	1.314	0.11859537	NaN    	NaN    	25.27	0	24.7	2.54	0	0	0	0.07	0.01	0.01	0	0	0	-0.08	-0.01	-0.02	-25.27	-0.57
GZ          	19990119.55	58.78	1.034	1.314	0.11859537	NaN    	NaN    	25.15	24.4	25.12	2.59	0	0	0	0.03	0.01	0.02	0	0	0	-0.03	-0.01	-0.02	-0.75	-0.03
